0.0947, -1.3848, -0.3447, 2.2595, 0.1863, -0.8544, -0.0747
0.0855, -1.3839, -0.3470, 2.2614, 0.1763, -0.8568, -0.0658
0.0764, -1.3829, -0.3493, 2.2631, 0.1665, -0.8593, -0.0571
0.0673, -1.3818, -0.3516, 2.2647, 0.1568, -0.8617, -0.0484
0.0583, -1.3806, -0.3538, 2.2661, 0.1472, -0.8641, -0.0399
0.0494, -1.3792, -0.3560, 2.2674, 0.1377, -0.8665, -0.0314
0.0405, -1.3778, -0.3582, 2.2685, 0.1284, -0.8689, -0.0231
0.0317, -1.3763, -0.3604, 2.2695, 0.1192, -0.8713, -0.0148
0.0230, -1.3748, -0.3625, 2.2703, 0.1101, -0.8736, -0.0067
0.0143, -1.3731, -0.3646, 2.2711, 0.1012, -0.8760, 0.0014
0.0057, -1.3714, -0.3667, 2.2716, 0.0923, -0.8783, 0.0093
-0.0028, -1.3696, -0.3687, 2.2721, 0.0837, -0.8806, 0.0172
-0.0112, -1.3677, -0.3708, 2.2724, 0.0751, -0.8829, 0.0250
-0.0196, -1.3657, -0.3727, 2.2726, 0.0667, -0.8852, 0.0326
-0.0279, -1.3637, -0.3747, 2.2727, 0.0584, -0.8875, 0.0402
-0.0361, -1.3616, -0.3766, 2.2727, 0.0502, -0.8898, 0.0477
-0.0443, -1.3594, -0.3785, 2.2726, 0.0422, -0.8920, 0.0551
-0.0523, -1.3572, -0.3804, 2.2723, 0.0343, -0.8942, 0.0623
-0.0603, -1.3550, -0.3822, 2.2720, 0.0265, -0.8964, 0.0695
-0.0683, -1.3526, -0.3840, 2.2716, 0.0189, -0.8986, 0.0767
-0.0761, -1.3503, -0.3858, 2.2710, 0.0113, -0.9008, 0.0837
-0.0839, -1.3479, -0.3875, 2.2704, 0.0039, -0.9029, 0.0906
-0.0916, -1.3454, -0.3893, 2.2697, -0.0033, -0.9050, 0.0974
-0.0992, -1.3429, -0.3909, 2.2689, -0.0105, -0.9072, 0.1042
-0.1067, -1.3403, -0.3926, 2.2680, -0.0175, -0.9092, 0.1108
-0.1142, -1.3377, -0.3942, 2.2670, -0.0244, -0.9113, 0.1174
-0.1216, -1.3351, -0.3958, 2.2659, -0.0312, -0.9133, 0.1239
-0.1289, -1.3325, -0.3974, 2.2648, -0.0378, -0.9153, 0.1303
-0.1362, -1.3298, -0.3989, 2.2636, -0.0444, -0.9173, 0.1366
-0.1433, -1.3270, -0.4004, 2.2623, -0.0508, -0.9193, 0.1428
-0.1504, -1.3243, -0.4019, 2.2610, -0.0571, -0.9212, 0.1490
-0.1574, -1.3215, -0.4034, 2.2596, -0.0633, -0.9232, 0.1550
-0.1644, -1.3187, -0.4048, 2.2581, -0.0694, -0.9251, 0.1610
-0.1712, -1.3159, -0.4062, 2.2566, -0.0753, -0.9269, 0.1669
-0.1780, -1.3131, -0.4076, 2.2550, -0.0812, -0.9288, 0.1728
-0.1848, -1.3102, -0.4089, 2.2533, -0.0869, -0.9306, 0.1785
-0.1914, -1.3073, -0.4103, 2.2516, -0.0926, -0.9324, 0.1842
-0.1980, -1.3044, -0.4115, 2.2498, -0.0981, -0.9341, 0.1898
-0.2045, -1.3015, -0.4128, 2.2480, -0.1035, -0.9359, 0.1953
-0.2109, -1.2986, -0.4141, 2.2462, -0.1088, -0.9376, 0.2008
-0.2173, -1.2957, -0.4153, 2.2443, -0.1141, -0.9393, 0.2061
-0.2236, -1.2927, -0.4165, 2.2423, -0.1192, -0.9409, 0.2115
-0.2298, -1.2898, -0.4176, 2.2403, -0.1242, -0.9425, 0.2167
-0.2360, -1.2868, -0.4188, 2.2383, -0.1291, -0.9441, 0.2219
-0.2420, -1.2839, -0.4199, 2.2362, -0.1340, -0.9457, 0.2270
-0.2481, -1.2809, -0.4210, 2.2341, -0.1387, -0.9473, 0.2320
-0.2540, -1.2779, -0.4220, 2.2319, -0.1433, -0.9488, 0.2369
-0.2599, -1.2750, -0.4231, 2.2298, -0.1479, -0.9503, 0.2418
-0.2657, -1.2720, -0.4241, 2.2275, -0.1524, -0.9518, 0.2467
-0.2715, -1.2690, -0.4251, 2.2253, -0.1567, -0.9532, 0.2514
-0.2771, -1.2660, -0.4261, 2.2230, -0.1610, -0.9546, 0.2562
-0.2828, -1.2631, -0.4270, 2.2207, -0.1652, -0.9560, 0.2608
-0.2883, -1.2601, -0.4280, 2.2184, -0.1694, -0.9573, 0.2654
-0.2938, -1.2571, -0.4289, 2.2160, -0.1734, -0.9587, 0.2699
-0.2992, -1.2542, -0.4298, 2.2137, -0.1774, -0.9600, 0.2744
-0.3046, -1.2512, -0.4307, 2.2112, -0.1813, -0.9613, 0.2788
-0.3099, -1.2483, -0.4315, 2.2088, -0.1851, -0.9625, 0.2831
-0.3152, -1.2453, -0.4324, 2.2064, -0.1888, -0.9637, 0.2874
-0.3204, -1.2424, -0.4332, 2.2039, -0.1925, -0.9649, 0.2917
-0.3255, -1.2395, -0.4340, 2.2014, -0.1961, -0.9661, 0.2958
-0.3306, -1.2366, -0.4347, 2.1989, -0.1996, -0.9673, 0.3000
-0.3356, -1.2336, -0.4355, 2.1964, -0.2030, -0.9684, 0.3040
-0.3405, -1.2307, -0.4363, 2.1939, -0.2064, -0.9695, 0.3081
-0.3454, -1.2278, -0.4370, 2.1914, -0.2097, -0.9706, 0.3120
-0.3503, -1.2250, -0.4377, 2.1888, -0.2130, -0.9716, 0.3159
-0.3550, -1.2221, -0.4384, 2.1862, -0.2161, -0.9726, 0.3198
-0.3598, -1.2192, -0.4390, 2.1837, -0.2193, -0.9736, 0.3236
-0.3645, -1.2164, -0.4397, 2.1811, -0.2223, -0.9746, 0.3274
-0.3691, -1.2136, -0.4403, 2.1785, -0.2253, -0.9756, 0.3311
-0.3736, -1.2107, -0.4410, 2.1759, -0.2283, -0.9765, 0.3348
-0.3782, -1.2079, -0.4416, 2.1733, -0.2312, -0.9774, 0.3384
-0.3826, -1.2051, -0.4422, 2.1707, -0.2340, -0.9783, 0.3420
-0.3871, -1.2024, -0.4428, 2.1681, -0.2368, -0.9791, 0.3455
-0.3914, -1.1996, -0.4433, 2.1654, -0.2395, -0.9800, 0.3490
-0.3957, -1.1969, -0.4439, 2.1628, -0.2421, -0.9808, 0.3525
-0.4000, -1.1941, -0.4444, 2.1602, -0.2448, -0.9816, 0.3559
-0.4042, -1.1914, -0.4449, 2.1575, -0.2473, -0.9823, 0.3593
-0.4084, -1.1887, -0.4455, 2.1549, -0.2498, -0.9831, 0.3626
-0.4125, -1.1860, -0.4460, 2.1523, -0.2523, -0.9838, 0.3659
-0.4166, -1.1833, -0.4464, 2.1496, -0.2547, -0.9845, 0.3691
-0.4206, -1.1807, -0.4469, 2.1470, -0.2571, -0.9852, 0.3723
-0.4246, -1.1780, -0.4474, 2.1444, -0.2594, -0.9859, 0.3755
-0.4285, -1.1754, -0.4478, 2.1417, -0.2617, -0.9866, 0.3786
-0.4324, -1.1728, -0.4483, 2.1391, -0.2639, -0.9872, 0.3817
-0.4363, -1.1702, -0.4487, 2.1365, -0.2661, -0.9878, 0.3847
-0.4401, -1.1676, -0.4491, 2.1338, -0.2683, -0.9884, 0.3877
-0.4439, -1.1651, -0.4495, 2.1312, -0.2704, -0.9890, 0.3907
-0.4476, -1.1625, -0.4499, 2.1286, -0.2724, -0.9895, 0.3936
-0.4513, -1.1600, -0.4503, 2.1260, -0.2745, -0.9901, 0.3965
-0.4549, -1.1575, -0.4507, 2.1234, -0.2765, -0.9906, 0.3994
-0.4585, -1.1550, -0.4510, 2.1208, -0.2784, -0.9911, 0.4022
-0.4620, -1.1525, -0.4514, 2.1182, -0.2803, -0.9916, 0.4050
-0.4656, -1.1501, -0.4517, 2.1156, -0.2822, -0.9921, 0.4078
-0.4690, -1.1476, -0.4521, 2.1130, -0.2841, -0.9925, 0.4105
-0.4725, -1.1452, -0.4524, 2.1104, -0.2859, -0.9930, 0.4132
-0.4759, -1.1428, -0.4527, 2.1078, -0.2876, -0.9934, 0.4159
-0.4792, -1.1404, -0.4530, 2.1053, -0.2894, -0.9938, 0.4185
-0.4825, -1.1381, -0.4533, 2.1027, -0.2911, -0.9942, 0.4211
-0.4858, -1.1357, -0.4536, 2.1002, -0.2928, -0.9946, 0.4237
-0.4891, -1.1334, -0.4539, 2.0976, -0.2944, -0.9950, 0.4262
-0.4923, -1.1311, -0.4542, 2.0951, -0.2961, -0.9953, 0.4287
-0.4955, -1.1288, -0.4545, 2.0926, -0.2976, -0.9956, 0.4312
-0.4986, -1.1265, -0.4547, 2.0900, -0.2992, -0.9960, 0.4336
-0.5017, -1.1242, -0.4550, 2.0875, -0.3007, -0.9963, 0.4361
-0.5048, -1.1220, -0.4552, 2.0850, -0.3022, -0.9966, 0.4385
-0.5078, -1.1197, -0.4555, 2.0825, -0.3037, -0.9969, 0.4408
-0.5108, -1.1175, -0.4557, 2.0801, -0.3052, -0.9971, 0.4432
-0.5138, -1.1153, -0.4559, 2.0776, -0.3066, -0.9974, 0.4455
-0.5167, -1.1132, -0.4562, 2.0751, -0.3080, -0.9977, 0.4478
-0.5197, -1.1110, -0.4564, 2.0727, -0.3094, -0.9979, 0.4500
-0.5225, -1.1089, -0.4566, 2.0703, -0.3107, -0.9981, 0.4522
-0.5254, -1.1067, -0.4568, 2.0678, -0.3121, -0.9983, 0.4544
-0.5282, -1.1046, -0.4570, 2.0654, -0.3134, -0.9985, 0.4566
-0.5310, -1.1025, -0.4572, 2.0630, -0.3146, -0.9987, 0.4588
-0.5337, -1.1005, -0.4574, 2.0606, -0.3159, -0.9989, 0.4609
-0.5364, -1.0984, -0.4575, 2.0583, -0.3171, -0.9991, 0.4630
-0.5391, -1.0964, -0.4577, 2.0559, -0.3183, -0.9993, 0.4651
-0.5418, -1.0943, -0.4579, 2.0535, -0.3195, -0.9994, 0.4672
-0.5444, -1.0923, -0.4580, 2.0512, -0.3207, -0.9996, 0.4692
-0.5470, -1.0903, -0.4582, 2.0489, -0.3219, -0.9997, 0.4712
-0.5496, -1.0884, -0.4584, 2.0465, -0.3230, -0.9998, 0.4732
-0.5521, -1.0864, -0.4585, 2.0442, -0.3241, -0.9999, 0.4752
-0.5546, -1.0845, -0.4587, 2.0419, -0.3252, -1.0000, 0.4771
-0.5571, -1.0825, -0.4588, 2.0397, -0.3263, -1.0001, 0.4790
-0.5596, -1.0806, -0.4589, 2.0374, -0.3273, -1.0002, 0.4809
-0.5620, -1.0787, -0.4591, 2.0351, -0.3284, -1.0003, 0.4828
-0.5644, -1.0769, -0.4592, 2.0329, -0.3294, -1.0004, 0.4847
-0.5668, -1.0750, -0.4593, 2.0307, -0.3304, -1.0005, 0.4865
-0.5692, -1.0732, -0.4594, 2.0284, -0.3314, -1.0005, 0.4883
-0.5715, -1.0713, -0.4595, 2.0262, -0.3324, -1.0006, 0.4901
-0.5738, -1.0695, -0.4597, 2.0240, -0.3333, -1.0006, 0.4919
-0.5761, -1.0677, -0.4598, 2.0219, -0.3342, -1.0007, 0.4936
-0.5784, -1.0659, -0.4599, 2.0197, -0.3352, -1.0007, 0.4954
-0.5806, -1.0642, -0.4600, 2.0175, -0.3361, -1.0007, 0.4971
-0.5828, -1.0624, -0.4601, 2.0154, -0.3370, -1.0007, 0.4988
-0.5850, -1.0607, -0.4602, 2.0133, -0.3379, -1.0008, 0.5005
-0.5871, -1.0590, -0.4603, 2.0112, -0.3387, -1.0008, 0.5021
-0.5893, -1.0573, -0.4603, 2.0091, -0.3396, -1.0008, 0.5038
-0.5914, -1.0556, -0.4604, 2.0070, -0.3404, -1.0008, 0.5054
-0.5935, -1.0539, -0.4605, 2.0049, -0.3412, -1.0007, 0.5070
-0.5956, -1.0522, -0.4606, 2.0029, -0.3420, -1.0007, 0.5086
-0.5976, -1.0506, -0.4607, 2.0008, -0.3428, -1.0007, 0.5101
-0.5996, -1.0490, -0.4607, 1.9988, -0.3436, -1.0007, 0.5117
-0.6016, -1.0473, -0.4608, 1.9968, -0.3444, -1.0007, 0.5132
-0.6036, -1.0457, -0.4609, 1.9948, -0.3452, -1.0006, 0.5148
-0.6056, -1.0442, -0.4609, 1.9928, -0.3459, -1.0006, 0.5163
-0.6075, -1.0426, -0.4610, 1.9908, -0.3466, -1.0005, 0.5177
-0.6094, -1.0410, -0.4611, 1.9888, -0.3474, -1.0005, 0.5192
-0.6113, -1.0395, -0.4611, 1.9869, -0.3481, -1.0004, 0.5207
-0.6132, -1.0379, -0.4612, 1.9849, -0.3488, -1.0004, 0.5221
-0.6151, -1.0364, -0.4612, 1.9830, -0.3495, -1.0003, 0.5235
-0.6169, -1.0349, -0.4613, 1.9811, -0.3501, -1.0002, 0.5249
-0.6187, -1.0334, -0.4613, 1.9792, -0.3508, -1.0002, 0.5263
-0.6205, -1.0319, -0.4614, 1.9773, -0.3515, -1.0001, 0.5277
-0.6223, -1.0305, -0.4614, 1.9755, -0.3521, -1.0000, 0.5291
-0.6241, -1.0290, -0.4615, 1.9736, -0.3528, -0.9999, 0.5304
-0.6258, -1.0276, -0.4615, 1.9718, -0.3534, -0.9999, 0.5317
-0.6275, -1.0262, -0.4616, 1.9699, -0.3540, -0.9998, 0.5331
-0.6293, -1.0248, -0.4616, 1.9681, -0.3546, -0.9997, 0.5344
-0.6309, -1.0234, -0.4616, 1.9663, -0.3552, -0.9996, 0.5357
-0.6326, -1.0220, -0.4617, 1.9645, -0.3558, -0.9995, 0.5369
-0.6343, -1.0206, -0.4617, 1.9627, -0.3564, -0.9994, 0.5382
-0.6359, -1.0192, -0.4617, 1.9610, -0.3570, -0.9993, 0.5394
-0.6375, -1.0179, -0.4618, 1.9592, -0.3576, -0.9992, 0.5407
-0.6391, -1.0165, -0.4618, 1.9575, -0.3581, -0.9991, 0.5419
-0.6407, -1.0152, -0.4618, 1.9558, -0.3587, -0.9990, 0.5431
-0.6423, -1.0139, -0.4618, 1.9540, -0.3592, -0.9988, 0.5443
-0.6438, -1.0126, -0.4619, 1.9523, -0.3597, -0.9987, 0.5455
-0.6454, -1.0113, -0.4619, 1.9507, -0.3603, -0.9986, 0.5467
-0.6469, -1.0100, -0.4619, 1.9490, -0.3608, -0.9985, 0.5478
-0.6484, -1.0088, -0.4619, 1.9473, -0.3613, -0.9984, 0.5490
-0.6499, -1.0075, -0.4619, 1.9457, -0.3618, -0.9983, 0.5501
-0.6513, -1.0063, -0.4620, 1.9440, -0.3623, -0.9981, 0.5512
-0.6528, -1.0051, -0.4620, 1.9424, -0.3628, -0.9980, 0.5523
-0.6542, -1.0038, -0.4620, 1.9408, -0.3633, -0.9979, 0.5534
-0.6557, -1.0026, -0.4620, 1.9392, -0.3638, -0.9977, 0.5545
-0.6571, -1.0014, -0.4620, 1.9376, -0.3642, -0.9976, 0.5556
-0.6585, -1.0002, -0.4620, 1.9360, -0.3647, -0.9975, 0.5566
-0.6599, -0.9991, -0.4620, 1.9345, -0.3651, -0.9973, 0.5577
-0.6612, -0.9979, -0.4620, 1.9329, -0.3656, -0.9972, 0.5587
-0.6626, -0.9968, -0.4621, 1.9314, -0.3660, -0.9971, 0.5598
-0.6639, -0.9956, -0.4621, 1.9299, -0.3665, -0.9969, 0.5608
-0.6652, -0.9945, -0.4621, 1.9284, -0.3669, -0.9968, 0.5618
-0.6666, -0.9934, -0.4621, 1.9269, -0.3673, -0.9967, 0.5628
-0.6679, -0.9923, -0.4621, 1.9254, -0.3677, -0.9965, 0.5638
-0.6691, -0.9912, -0.4621, 1.9239, -0.3682, -0.9964, 0.5647
-0.6704, -0.9901, -0.4621, 1.9224, -0.3686, -0.9962, 0.5657
-0.6717, -0.9890, -0.4621, 1.9210, -0.3690, -0.9961, 0.5667
-0.6729, -0.9879, -0.4621, 1.9195, -0.3694, -0.9959, 0.5676
-0.6741, -0.9869, -0.4621, 1.9181, -0.3698, -0.9958, 0.5686
-0.6754, -0.9858, -0.4621, 1.9167, -0.3701, -0.9956, 0.5695
-0.6766, -0.9848, -0.4621, 1.9153, -0.3705, -0.9955, 0.5704
-0.6778, -0.9837, -0.4621, 1.9139, -0.3709, -0.9953, 0.5713
-0.6789, -0.9827, -0.4621, 1.9125, -0.3713, -0.9952, 0.5722
-0.6801, -0.9817, -0.4621, 1.9111, -0.3716, -0.9950, 0.5731
-0.6813, -0.9807, -0.4621, 1.9098, -0.3720, -0.9949, 0.5740
-0.6824, -0.9797, -0.4621, 1.9084, -0.3724, -0.9947, 0.5748
-0.6835, -0.9787, -0.4621, 1.9071, -0.3727, -0.9946, 0.5757
-0.6847, -0.9778, -0.4621, 1.9057, -0.3731, -0.9944, 0.5765
-0.6858, -0.9768, -0.4621, 1.9044, -0.3734, -0.9943, 0.5774
-0.6869, -0.9758, -0.4621, 1.9031, -0.3737, -0.9941, 0.5782
-0.6880, -0.9749, -0.4621, 1.9018, -0.3741, -0.9940, 0.5790
-0.6890, -0.9740, -0.4621, 1.9005, -0.3744, -0.9938, 0.5799
-0.6901, -0.9730, -0.4621, 1.8993, -0.3747, -0.9937, 0.5807
-0.6911, -0.9721, -0.4620, 1.8980, -0.3750, -0.9935, 0.5815
-0.6922, -0.9712, -0.4620, 1.8968, -0.3754, -0.9934, 0.5823
-0.6932, -0.9703, -0.4620, 1.8955, -0.3757, -0.9932, 0.5830
-0.6942, -0.9694, -0.4620, 1.8943, -0.3760, -0.9931, 0.5838
-0.6953, -0.9685, -0.4620, 1.8931, -0.3763, -0.9929, 0.5846
-0.6963, -0.9676, -0.4620, 1.8919, -0.3766, -0.9928, 0.5853
-0.6972, -0.9668, -0.4620, 1.8907, -0.3769, -0.9926, 0.5861
-0.6982, -0.9659, -0.4620, 1.8895, -0.3772, -0.9924, 0.5868
-0.6992, -0.9651, -0.4620, 1.8883, -0.3775, -0.9923, 0.5876
-0.7002, -0.9642, -0.4620, 1.8871, -0.3777, -0.9921, 0.5883
-0.7011, -0.9634, -0.4619, 1.8860, -0.3780, -0.9920, 0.5890
-0.7020, -0.9626, -0.4619, 1.8848, -0.3783, -0.9918, 0.5897
-0.7030, -0.9617, -0.4619, 1.8837, -0.3786, -0.9917, 0.5904
-0.7039, -0.9609, -0.4619, 1.8825, -0.3788, -0.9915, 0.5911
-0.7048, -0.9601, -0.4619, 1.8814, -0.3791, -0.9914, 0.5918
-0.7057, -0.9593, -0.4619, 1.8803, -0.3794, -0.9912, 0.5925
-0.7066, -0.9585, -0.4619, 1.8792, -0.3796, -0.9911, 0.5932
-0.7075, -0.9578, -0.4619, 1.8781, -0.3799, -0.9909, 0.5939
-0.7084, -0.9570, -0.4619, 1.8770, -0.3801, -0.9908, 0.5945
-0.7092, -0.9562, -0.4618, 1.8760, -0.3804, -0.9906, 0.5952
-0.7101, -0.9555, -0.4618, 1.8749, -0.3806, -0.9905, 0.5958
-0.7109, -0.9547, -0.4618, 1.8738, -0.3809, -0.9903, 0.5965
-0.7118, -0.9540, -0.4618, 1.8728, -0.3811, -0.9902, 0.5971
-0.7126, -0.9532, -0.4618, 1.8718, -0.3814, -0.9900, 0.5977
-0.7134, -0.9525, -0.4618, 1.8707, -0.3816, -0.9899, 0.5984
-0.7142, -0.9518, -0.4618, 1.8697, -0.3818, -0.9897, 0.5990
-0.7150, -0.9511, -0.4617, 1.8687, -0.3821, -0.9896, 0.5996
-0.7158, -0.9503, -0.4617, 1.8677, -0.3823, -0.9894, 0.6002
-0.7166, -0.9496, -0.4617, 1.8667, -0.3825, -0.9893, 0.6008
-0.7174, -0.9489, -0.4617, 1.8657, -0.3827, -0.9891, 0.6014
-0.7182, -0.9483, -0.4617, 1.8648, -0.3830, -0.9890, 0.6020
-0.7189, -0.9476, -0.4617, 1.8638, -0.3832, -0.9888, 0.6026
-0.7197, -0.9469, -0.4617, 1.8628, -0.3834, -0.9887, 0.6031
-0.7204, -0.9462, -0.4616, 1.8619, -0.3836, -0.9885, 0.6037
-0.7212, -0.9456, -0.4616, 1.8610, -0.3838, -0.9884, 0.6043
-0.7219, -0.9449, -0.4616, 1.8600, -0.3840, -0.9883, 0.6048
-0.7227, -0.9443, -0.4616, 1.8591, -0.3842, -0.9881, 0.6054
-0.7234, -0.9436, -0.4616, 1.8582, -0.3844, -0.9880, 0.6059
-0.7241, -0.9430, -0.4616, 1.8573, -0.3846, -0.9878, 0.6065
-0.7248, -0.9423, -0.4615, 1.8564, -0.3848, -0.9877, 0.6070
-0.7255, -0.9417, -0.4615, 1.8555, -0.3850, -0.9876, 0.6075
-0.7262, -0.9411, -0.4615, 1.8546, -0.3852, -0.9874, 0.6080
-0.7269, -0.9405, -0.4615, 1.8537, -0.3854, -0.9873, 0.6086
-0.7275, -0.9399, -0.4615, 1.8529, -0.3856, -0.9871, 0.6091
-0.7282, -0.9393, -0.4615, 1.8520, -0.3858, -0.9870, 0.6096
-0.7289, -0.9387, -0.4614, 1.8512, -0.3859, -0.9869, 0.6101
-0.7295, -0.9381, -0.4614, 1.8503, -0.3861, -0.9867, 0.6106
-0.7302, -0.9375, -0.4614, 1.8495, -0.3863, -0.9866, 0.6111
-0.7308, -0.9369, -0.4614, 1.8487, -0.3865, -0.9865, 0.6116
-0.7314, -0.9363, -0.4614, 1.8478, -0.3867, -0.9863, 0.6120
-0.7321, -0.9358, -0.4614, 1.8470, -0.3868, -0.9862, 0.6125
-0.7327, -0.9352, -0.4613, 1.8462, -0.3870, -0.9861, 0.6130
-0.7333, -0.9347, -0.4613, 1.8454, -0.3872, -0.9859, 0.6135
-0.7339, -0.9341, -0.4613, 1.8446, -0.3873, -0.9858, 0.6139
-0.7345, -0.9336, -0.4613, 1.8439, -0.3875, -0.9857, 0.6144
-0.7351, -0.9330, -0.4613, 1.8431, -0.3877, -0.9855, 0.6148
-0.7357, -0.9325, -0.4613, 1.8423, -0.3878, -0.9854, 0.6153
-0.7363, -0.9320, -0.4613, 1.8415, -0.3880, -0.9853, 0.6157
-0.7369, -0.9314, -0.4612, 1.8408, -0.3881, -0.9851, 0.6162
-0.7375, -0.9309, -0.4612, 1.8400, -0.3883, -0.9850, 0.6166
-0.7380, -0.9304, -0.4612, 1.8393, -0.3884, -0.9849, 0.6170
-0.7386, -0.9299, -0.4612, 1.8386, -0.3886, -0.9848, 0.6174
-0.7392, -0.9294, -0.4612, 1.8378, -0.3888, -0.9846, 0.6179
-0.7397, -0.9289, -0.4612, 1.8371, -0.3889, -0.9845, 0.6183
-0.7403, -0.9284, -0.4611, 1.8364, -0.3890, -0.9844, 0.6187
-0.7408, -0.9279, -0.4611, 1.8357, -0.3892, -0.9843, 0.6191
-0.7413, -0.9274, -0.4611, 1.8350, -0.3893, -0.9841, 0.6195
-0.7419, -0.9269, -0.4611, 1.8343, -0.3895, -0.9840, 0.6199
-0.7424, -0.9264, -0.4611, 1.8336, -0.3896, -0.9839, 0.6203
-0.7429, -0.9260, -0.4611, 1.8329, -0.3898, -0.9838, 0.6207
-0.7434, -0.9255, -0.4610, 1.8322, -0.3899, -0.9837, 0.6211
-0.7439, -0.9250, -0.4610, 1.8316, -0.3900, -0.9835, 0.6215
-0.7444, -0.9246, -0.4610, 1.8309, -0.3902, -0.9834, 0.6219
-0.7449, -0.9241, -0.4610, 1.8303, -0.3903, -0.9833, 0.6222
-0.7454, -0.9237, -0.4610, 1.8296, -0.3904, -0.9832, 0.6226
-0.7459, -0.9232, -0.4610, 1.8290, -0.3906, -0.9831, 0.6230
-0.7464, -0.9228, -0.4609, 1.8283, -0.3907, -0.9830, 0.6233
-0.7469, -0.9224, -0.4609, 1.8277, -0.3908, -0.9828, 0.6237
-0.7473, -0.9219, -0.4609, 1.8271, -0.3909, -0.9827, 0.6241
-0.7478, -0.9215, -0.4609, 1.8264, -0.3911, -0.9826, 0.6244
-0.7483, -0.9211, -0.4609, 1.8258, -0.3912, -0.9825, 0.6248
-0.7487, -0.9207, -0.4609, 1.8252, -0.3913, -0.9824, 0.6251
-0.7492, -0.9202, -0.4609, 1.8246, -0.3914, -0.9823, 0.6255
-0.7496, -0.9198, -0.4608, 1.8240, -0.3915, -0.9822, 0.6258
-0.7501, -0.9194, -0.4608, 1.8234, -0.3917, -0.9821, 0.6261
-0.7505, -0.9190, -0.4608, 1.8228, -0.3918, -0.9820, 0.6265
-0.7510, -0.9186, -0.4608, 1.8222, -0.3919, -0.9819, 0.6268
-0.7514, -0.9182, -0.4608, 1.8217, -0.3920, -0.9818, 0.6271
-0.7518, -0.9178, -0.4608, 1.8211, -0.3921, -0.9816, 0.6275
-0.7522, -0.9174, -0.4607, 1.8205, -0.3922, -0.9815, 0.6278
-0.7527, -0.9171, -0.4607, 1.8200, -0.3923, -0.9814, 0.6281
-0.7531, -0.9167, -0.4607, 1.8194, -0.3924, -0.9813, 0.6284
-0.7535, -0.9163, -0.4607, 1.8189, -0.3925, -0.9812, 0.6287
-0.7539, -0.9159, -0.4607, 1.8183, -0.3926, -0.9811, 0.6290
-0.7543, -0.9156, -0.4607, 1.8178, -0.3927, -0.9810, 0.6293
-0.7547, -0.9152, -0.4607, 1.8172, -0.3929, -0.9809, 0.6296
-0.7551, -0.9148, -0.4606, 1.8167, -0.3930, -0.9808, 0.6299
-0.7555, -0.9145, -0.4606, 1.8162, -0.3931, -0.9807, 0.6302
-0.7559, -0.9141, -0.4606, 1.8157, -0.3932, -0.9806, 0.6305
-0.7562, -0.9138, -0.4606, 1.8152, -0.3933, -0.9805, 0.6308
-0.7566, -0.9134, -0.4606, 1.8146, -0.3934, -0.9804, 0.6311
-0.7570, -0.9131, -0.4606, 1.8141, -0.3934, -0.9803, 0.6314
-0.7574, -0.9127, -0.4606, 1.8136, -0.3935, -0.9803, 0.6317
-0.7577, -0.9124, -0.4605, 1.8131, -0.3936, -0.9802, 0.6319
-0.7581, -0.9121, -0.4605, 1.8127, -0.3937, -0.9801, 0.6322
-0.7585, -0.9117, -0.4605, 1.8122, -0.3938, -0.9800, 0.6325
-0.7588, -0.9114, -0.4605, 1.8117, -0.3939, -0.9799, 0.6328
-0.7592, -0.9111, -0.4605, 1.8112, -0.3940, -0.9798, 0.6330
-0.7595, -0.9108, -0.4605, 1.8107, -0.3941, -0.9797, 0.6333
-0.7599, -0.9104, -0.4605, 1.8103, -0.3942, -0.9796, 0.6335
-0.7602, -0.9101, -0.4605, 1.8098, -0.3943, -0.9795, 0.6338
-0.7605, -0.9098, -0.4604, 1.8093, -0.3944, -0.9794, 0.6341
-0.7609, -0.9095, -0.4604, 1.8089, -0.3944, -0.9793, 0.6343
-0.7612, -0.9092, -0.4604, 1.8084, -0.3945, -0.9793, 0.6346
-0.7615, -0.9089, -0.4604, 1.8080, -0.3946, -0.9792, 0.6348
-0.7619, -0.9086, -0.4604, 1.8076, -0.3947, -0.9791, 0.6351
-0.7622, -0.9083, -0.4604, 1.8071, -0.3948, -0.9790, 0.6353
-0.7625, -0.9080, -0.4604, 1.8067, -0.3949, -0.9789, 0.6355
-0.7628, -0.9077, -0.4604, 1.8062, -0.3949, -0.9788, 0.6358
-0.7631, -0.9074, -0.4603, 1.8058, -0.3950, -0.9787, 0.6360
-0.7634, -0.9071, -0.4603, 1.8054, -0.3951, -0.9787, 0.6363
-0.7637, -0.9068, -0.4603, 1.8050, -0.3952, -0.9786, 0.6365
-0.7640, -0.9066, -0.4603, 1.8046, -0.3953, -0.9785, 0.6367
-0.7643, -0.9063, -0.4603, 1.8042, -0.3953, -0.9784, 0.6369
-0.7646, -0.9060, -0.4603, 1.8038, -0.3954, -0.9783, 0.6372
-0.7649, -0.9057, -0.4603, 1.8034, -0.3955, -0.9783, 0.6374
-0.7652, -0.9055, -0.4603, 1.8030, -0.3956, -0.9782, 0.6376
-0.7655, -0.9052, -0.4602, 1.8026, -0.3956, -0.9781, 0.6378
-0.7658, -0.9049, -0.4602, 1.8022, -0.3957, -0.9780, 0.6380
-0.7661, -0.9047, -0.4602, 1.8018, -0.3958, -0.9780, 0.6383
-0.7664, -0.9044, -0.4602, 1.8014, -0.3958, -0.9779, 0.6385
-0.7666, -0.9042, -0.4602, 1.8010, -0.3959, -0.9778, 0.6387
-0.7669, -0.9039, -0.4602, 1.8006, -0.3960, -0.9777, 0.6389
-0.7672, -0.9037, -0.4602, 1.8003, -0.3960, -0.9777, 0.6391
-0.7674, -0.9034, -0.4602, 1.7999, -0.3961, -0.9776, 0.6393
-0.7677, -0.9032, -0.4602, 1.7995, -0.3962, -0.9775, 0.6395
-0.8084, -0.8845, -0.4386, 1.7641, -0.4043, -0.9655, 0.6468
-0.8121, -0.8802, -0.4375, 1.7626, -0.4107, -0.9743, 0.6485
-0.8157, -0.8759, -0.4365, 1.7610, -0.4171, -0.9830, 0.6501
-0.8192, -0.8717, -0.4356, 1.7593, -0.4233, -0.9916, 0.6516
-0.8227, -0.8674, -0.4347, 1.7576, -0.4294, -1.0000, 0.6530
-0.8262, -0.8631, -0.4338, 1.7557, -0.4355, -1.0083, 0.6544
-0.8296, -0.8589, -0.4329, 1.7538, -0.4414, -1.0165, 0.6557
-0.8329, -0.8546, -0.4321, 1.7519, -0.4471, -1.0246, 0.6570
-0.8362, -0.8504, -0.4313, 1.7499, -0.4528, -1.0325, 0.6582
-0.8395, -0.8462, -0.4306, 1.7478, -0.4584, -1.0404, 0.6593
-0.8427, -0.8420, -0.4298, 1.7456, -0.4639, -1.0481, 0.6604
-0.8458, -0.8378, -0.4291, 1.7435, -0.4694, -1.0557, 0.6614
-0.8489, -0.8336, -0.4284, 1.7412, -0.4747, -1.0632, 0.6624
-0.8520, -0.8295, -0.4278, 1.7389, -0.4799, -1.0705, 0.6633
-0.8550, -0.8253, -0.4271, 1.7366, -0.4851, -1.0778, 0.6642
-0.8579, -0.8212, -0.4265, 1.7342, -0.4901, -1.0849, 0.6651
-0.8609, -0.8171, -0.4259, 1.7317, -0.4951, -1.0920, 0.6659
-0.8638, -0.8130, -0.4253, 1.7293, -0.5000, -1.0989, 0.6667
-0.8666, -0.8090, -0.4248, 1.7267, -0.5048, -1.1057, 0.6675
-0.8694, -0.8050, -0.4242, 1.7242, -0.5096, -1.1124, 0.6682
-0.8722, -0.8009, -0.4237, 1.7216, -0.5143, -1.1191, 0.6689
-0.8749, -0.7969, -0.4232, 1.7190, -0.5189, -1.1256, 0.6695
-0.8776, -0.7930, -0.4227, 1.7163, -0.5234, -1.1320, 0.6701
-0.8802, -0.7890, -0.4222, 1.7136, -0.5279, -1.1383, 0.6707
-0.8829, -0.7851, -0.4218, 1.7109, -0.5323, -1.1445, 0.6713
-0.8854, -0.7812, -0.4213, 1.7081, -0.5367, -1.1506, 0.6718
-0.8880, -0.7773, -0.4209, 1.7053, -0.5410, -1.1566, 0.6724
-0.8905, -0.7735, -0.4205, 1.7025, -0.5452, -1.1626, 0.6729
-0.8930, -0.7697, -0.4201, 1.6997, -0.5493, -1.1684, 0.6733
-0.8954, -0.7659, -0.4197, 1.6968, -0.5534, -1.1742, 0.6738
-0.8978, -0.7621, -0.4193, 1.6940, -0.5575, -1.1798, 0.6742
-0.9002, -0.7583, -0.4189, 1.6911, -0.5615, -1.1854, 0.6747
-0.9025, -0.7546, -0.4186, 1.6882, -0.5654, -1.1909, 0.6751
-0.9049, -0.7509, -0.4182, 1.6852, -0.5693, -1.1963, 0.6755
-0.9071, -0.7473, -0.4179, 1.6823, -0.5731, -1.2016, 0.6758
-0.9094, -0.7436, -0.4175, 1.6793, -0.5769, -1.2068, 0.6762
-0.9116, -0.7400, -0.4172, 1.6763, -0.5806, -1.2120, 0.6765
-0.9138, -0.7364, -0.4169, 1.6733, -0.5843, -1.2171, 0.6769
-0.9160, -0.7328, -0.4166, 1.6703, -0.5879, -1.2221, 0.6772
-0.9181, -0.7293, -0.4163, 1.6673, -0.5914, -1.2270, 0.6775
-0.9202, -0.7258, -0.4160, 1.6643, -0.5950, -1.2318, 0.6778
-0.9223, -0.7223, -0.4158, 1.6612, -0.5984, -1.2366, 0.6781
-0.9243, -0.7188, -0.4155, 1.6582, -0.6019, -1.2413, 0.6784
-0.9264, -0.7154, -0.4152, 1.6551, -0.6053, -1.2459, 0.6786
-0.9284, -0.7120, -0.4150, 1.6520, -0.6086, -1.2505, 0.6789
-0.9303, -0.7086, -0.4147, 1.6490, -0.6119, -1.2550, 0.6791
-0.9323, -0.7053, -0.4145, 1.6459, -0.6151, -1.2594, 0.6794
-0.9342, -0.7019, -0.4142, 1.6428, -0.6183, -1.2638, 0.6796
-0.9361, -0.6986, -0.4140, 1.6397, -0.6215, -1.2680, 0.6799
-0.9380, -0.6953, -0.4138, 1.6367, -0.6246, -1.2723, 0.6801
-0.9398, -0.6921, -0.4136, 1.6336, -0.6277, -1.2764, 0.6803
-0.9416, -0.6889, -0.4134, 1.6305, -0.6308, -1.2805, 0.6805
-0.9434, -0.6857, -0.4132, 1.6274, -0.6338, -1.2845, 0.6807
-0.9452, -0.6825, -0.4130, 1.6243, -0.6367, -1.2885, 0.6809
-0.9470, -0.6793, -0.4128, 1.6212, -0.6397, -1.2924, 0.6811
-0.9487, -0.6762, -0.4126, 1.6181, -0.6426, -1.2963, 0.6813
-0.9504, -0.6731, -0.4124, 1.6150, -0.6454, -1.3001, 0.6815
-0.9521, -0.6700, -0.4122, 1.6119, -0.6482, -1.3038, 0.6817
-0.9538, -0.6670, -0.4121, 1.6089, -0.6510, -1.3075, 0.6819
-0.9554, -0.6640, -0.4119, 1.6058, -0.6538, -1.3111, 0.6821
-0.9571, -0.6610, -0.4117, 1.6027, -0.6565, -1.3147, 0.6822
-0.9587, -0.6580, -0.4116, 1.5996, -0.6592, -1.3182, 0.6824
-0.9603, -0.6551, -0.4114, 1.5966, -0.6618, -1.3217, 0.6826
-0.9618, -0.6521, -0.4113, 1.5935, -0.6644, -1.3251, 0.6828
-0.9634, -0.6492, -0.4111, 1.5905, -0.6670, -1.3285, 0.6829
-0.9649, -0.6464, -0.4110, 1.5874, -0.6696, -1.3318, 0.6831
-0.9664, -0.6435, -0.4108, 1.5844, -0.6721, -1.3351, 0.6833
-0.9679, -0.6407, -0.4107, 1.5813, -0.6746, -1.3383, 0.6834
-0.9694, -0.6379, -0.4106, 1.5783, -0.6770, -1.3414, 0.6836
-0.9709, -0.6351, -0.4104, 1.5753, -0.6795, -1.3446, 0.6837
-0.9723, -0.6324, -0.4103, 1.5723, -0.6819, -1.3477, 0.6839
-0.9737, -0.6296, -0.4102, 1.5693, -0.6842, -1.3507, 0.6840
-0.9751, -0.6269, -0.4101, 1.5663, -0.6866, -1.3537, 0.6842
-0.9765, -0.6242, -0.4100, 1.5633, -0.6889, -1.3566, 0.6844
-0.9779, -0.6216, -0.4098, 1.5603, -0.6911, -1.3595, 0.6845
-0.9792, -0.6189, -0.4097, 1.5573, -0.6934, -1.3624, 0.6847
-0.9806, -0.6163, -0.4096, 1.5544, -0.6956, -1.3652, 0.6848
-0.9819, -0.6137, -0.4095, 1.5514, -0.6978, -1.3680, 0.6850
-0.9832, -0.6111, -0.4094, 1.5485, -0.7000, -1.3707, 0.6851
-0.9845, -0.6086, -0.4093, 1.5455, -0.7021, -1.3734, 0.6853
-0.9858, -0.6061, -0.4092, 1.5426, -0.7043, -1.3761, 0.6854
-0.9870, -0.6036, -0.4091, 1.5397, -0.7063, -1.3787, 0.6856
-0.9883, -0.6011, -0.4090, 1.5368, -0.7084, -1.3813, 0.6857
-0.9895, -0.5986, -0.4090, 1.5340, -0.7105, -1.3839, 0.6859
-0.9907, -0.5962, -0.4089, 1.5311, -0.7125, -1.3864, 0.6860
-0.9919, -0.5938, -0.4088, 1.5282, -0.7145, -1.3889, 0.6862
-0.9931, -0.5914, -0.4087, 1.5254, -0.7164, -1.3913, 0.6863
-0.9943, -0.5890, -0.4086, 1.5225, -0.7184, -1.3937, 0.6865
-0.9955, -0.5866, -0.4085, 1.5197, -0.7203, -1.3961, 0.6866
-0.9966, -0.5843, -0.4085, 1.5169, -0.7222, -1.3984, 0.6868
-0.9977, -0.5820, -0.4084, 1.5141, -0.7241, -1.4008, 0.6869
-0.9989, -0.5797, -0.4083, 1.5113, -0.7259, -1.4030, 0.6871
-1.0000, -0.5774, -0.4082, 1.5086, -0.7278, -1.4053, 0.6872
-1.0011, -0.5752, -0.4082, 1.5058, -0.7296, -1.4075, 0.6874
-1.0022, -0.5729, -0.4081, 1.5031, -0.7314, -1.4097, 0.6875
-1.0032, -0.5707, -0.4080, 1.5003, -0.7331, -1.4118, 0.6877
-1.0043, -0.5685, -0.4080, 1.4976, -0.7349, -1.4139, 0.6878
-1.0053, -0.5663, -0.4079, 1.4949, -0.7366, -1.4160, 0.6880
-1.0064, -0.5642, -0.4079, 1.4922, -0.7383, -1.4181, 0.6881
-1.0074, -0.5620, -0.4078, 1.4896, -0.7400, -1.4201, 0.6883
-1.0084, -0.5599, -0.4077, 1.4869, -0.7417, -1.4221, 0.6884
-1.0094, -0.5578, -0.4077, 1.4842, -0.7433, -1.4241, 0.6886
-1.0104, -0.5557, -0.4076, 1.4816, -0.7449, -1.4261, 0.6887
-1.0114, -0.5537, -0.4076, 1.4790, -0.7465, -1.4280, 0.6889
-1.0124, -0.5516, -0.4075, 1.4764, -0.7481, -1.4299, 0.6891
-1.0133, -0.5496, -0.4075, 1.4738, -0.7497, -1.4318, 0.6892
-1.0143, -0.5476, -0.4074, 1.4712, -0.7512, -1.4336, 0.6894
-1.0152, -0.5456, -0.4074, 1.4687, -0.7528, -1.4355, 0.6895
-1.0161, -0.5436, -0.4073, 1.4661, -0.7543, -1.4373, 0.6897
-1.0170, -0.5417, -0.4073, 1.4636, -0.7558, -1.4390, 0.6898
-1.0180, -0.5398, -0.4072, 1.4611, -0.7573, -1.4408, 0.6900
-1.0188, -0.5378, -0.4072, 1.4586, -0.7587, -1.4425, 0.6901
-1.0197, -0.5359, -0.4071, 1.4561, -0.7602, -1.4442, 0.6903
-1.0206, -0.5340, -0.4071, 1.4536, -0.7616, -1.4459, 0.6905
-1.0215, -0.5322, -0.4071, 1.4512, -0.7630, -1.4475, 0.6906
-1.0223, -0.5303, -0.4070, 1.4487, -0.7644, -1.4492, 0.6908
-1.0232, -0.5285, -0.4070, 1.4463, -0.7658, -1.4508, 0.6909
-1.0240, -0.5267, -0.4069, 1.4439, -0.7672, -1.4524, 0.6911
-1.0249, -0.5249, -0.4069, 1.4415, -0.7685, -1.4540, 0.6912
-1.0257, -0.5231, -0.4069, 1.4391, -0.7698, -1.4555, 0.6914
-1.0265, -0.5213, -0.4068, 1.4367, -0.7712, -1.4570, 0.6916
-1.0273, -0.5196, -0.4068, 1.4344, -0.7725, -1.4585, 0.6917
-1.0281, -0.5178, -0.4068, 1.4321, -0.7737, -1.4600, 0.6919
-1.0289, -0.5161, -0.4067, 1.4297, -0.7750, -1.4615, 0.6920
-1.0297, -0.5144, -0.4067, 1.4274, -0.7763, -1.4630, 0.6922
-1.0304, -0.5127, -0.4067, 1.4251, -0.7775, -1.4644, 0.6924
-1.0312, -0.5110, -0.4066, 1.4229, -0.7787, -1.4658, 0.6925
-1.0319, -0.5094, -0.4066, 1.4206, -0.7800, -1.4672, 0.6927
-1.0327, -0.5077, -0.4066, 1.4184, -0.7812, -1.4686, 0.6928
-1.0334, -0.5061, -0.4065, 1.4161, -0.7823, -1.4699, 0.6930
-1.0342, -0.5045, -0.4065, 1.4139, -0.7835, -1.4713, 0.6932
-1.0349, -0.5029, -0.4065, 1.4117, -0.7847, -1.4726, 0.6933
-1.0356, -0.5013, -0.4065, 1.4095, -0.7858, -1.4739, 0.6935
-1.0363, -0.4997, -0.4064, 1.4073, -0.7870, -1.4752, 0.6936
-1.0370, -0.4981, -0.4064, 1.4052, -0.7881, -1.4765, 0.6938
-1.0377, -0.4966, -0.4064, 1.4030, -0.7892, -1.4777, 0.6940
-1.0384, -0.4951, -0.4064, 1.4009, -0.7903, -1.4790, 0.6941
-1.0391, -0.4935, -0.4063, 1.3988, -0.7914, -1.4802, 0.6943
-1.0397, -0.4920, -0.4063, 1.3967, -0.7924, -1.4814, 0.6945
-1.0404, -0.4905, -0.4063, 1.3946, -0.7935, -1.4826, 0.6946
-1.0411, -0.4891, -0.4063, 1.3926, -0.7945, -1.4838, 0.6948
-1.0417, -0.4876, -0.4062, 1.3905, -0.7956, -1.4849, 0.6949
-1.0424, -0.4862, -0.4062, 1.3885, -0.7966, -1.4861, 0.6951
-1.0430, -0.4847, -0.4062, 1.3864, -0.7976, -1.4872, 0.6953
-1.0436, -0.4833, -0.4062, 1.3844, -0.7986, -1.4883, 0.6954
-1.0442, -0.4819, -0.4062, 1.3824, -0.7996, -1.4894, 0.6956
-1.0449, -0.4805, -0.4061, 1.3804, -0.8006, -1.4905, 0.6957
-1.0455, -0.4791, -0.4061, 1.3785, -0.8015, -1.4916, 0.6959
-1.0461, -0.4777, -0.4061, 1.3765, -0.8025, -1.4926, 0.6961
-1.0467, -0.4764, -0.4061, 1.3746, -0.8034, -1.4937, 0.6962
-1.0473, -0.4750, -0.4061, 1.3727, -0.8044, -1.4947, 0.6964
-1.0479, -0.4737, -0.4060, 1.3707, -0.8053, -1.4957, 0.6965
-1.0484, -0.4724, -0.4060, 1.3688, -0.8062, -1.4968, 0.6967
-1.0490, -0.4711, -0.4060, 1.3670, -0.8071, -1.4978, 0.6968
-1.0496, -0.4698, -0.4060, 1.3651, -0.8080, -1.4987, 0.6970
-1.0501, -0.4685, -0.4060, 1.3632, -0.8089, -1.4997, 0.6972
-1.0507, -0.4672, -0.4060, 1.3614, -0.8098, -1.5007, 0.6973
-1.0513, -0.4659, -0.4059, 1.3596, -0.8106, -1.5016, 0.6975
-1.0518, -0.4647, -0.4059, 1.3578, -0.8115, -1.5026, 0.6976
-1.0523, -0.4634, -0.4059, 1.3560, -0.8123, -1.5035, 0.6978
-1.0529, -0.4622, -0.4059, 1.3542, -0.8131, -1.5044, 0.6979
-1.0534, -0.4610, -0.4059, 1.3524, -0.8140, -1.5053, 0.6981
-1.0539, -0.4598, -0.4059, 1.3506, -0.8148, -1.5062, 0.6983
-1.0544, -0.4586, -0.4058, 1.3489, -0.8156, -1.5071, 0.6984
-1.0550, -0.4574, -0.4058, 1.3472, -0.8164, -1.5079, 0.6986
-1.0555, -0.4562, -0.4058, 1.3454, -0.8172, -1.5088, 0.6987
-1.0560, -0.4551, -0.4058, 1.3437, -0.8180, -1.5096, 0.6989
-1.0565, -0.4539, -0.4058, 1.3420, -0.8187, -1.5105, 0.6990
-1.0570, -0.4528, -0.4058, 1.3404, -0.8195, -1.5113, 0.6992
-1.0575, -0.4516, -0.4058, 1.3387, -0.8203, -1.5121, 0.6993
-1.0579, -0.4505, -0.4057, 1.3370, -0.8210, -1.5129, 0.6995
-1.0584, -0.4494, -0.4057, 1.3354, -0.8217, -1.5137, 0.6996
-1.0589, -0.4483, -0.4057, 1.3338, -0.8225, -1.5145, 0.6998
-1.0594, -0.4472, -0.4057, 1.3322, -0.8232, -1.5153, 0.6999
-1.0598, -0.4461, -0.4057, 1.3306, -0.8239, -1.5160, 0.7001
-1.0603, -0.4451, -0.4057, 1.3290, -0.8246, -1.5168, 0.7002
-1.0607, -0.4440, -0.4057, 1.3274, -0.8253, -1.5175, 0.7004
-1.0612, -0.4430, -0.4057, 1.3258, -0.8260, -1.5183, 0.7005
-1.0616, -0.4419, -0.4056, 1.3243, -0.8267, -1.5190, 0.7007
-1.0621, -0.4409, -0.4056, 1.3227, -0.8274, -1.5197, 0.7008
-1.0625, -0.4399, -0.4056, 1.3212, -0.8280, -1.5205, 0.7010
-1.0629, -0.4389, -0.4056, 1.3197, -0.8287, -1.5212, 0.7011
-1.0634, -0.4379, -0.4056, 1.3182, -0.8293, -1.5219, 0.7013
-1.0638, -0.4369, -0.4056, 1.3167, -0.8300, -1.5225, 0.7014
-1.0642, -0.4359, -0.4056, 1.3152, -0.8306, -1.5232, 0.7016
-1.0646, -0.4349, -0.4056, 1.3137, -0.8313, -1.5239, 0.7017
-1.0650, -0.4339, -0.4056, 1.3123, -0.8319, -1.5246, 0.7019
-1.0654, -0.4330, -0.4055, 1.3108, -0.8325, -1.5252, 0.7020
-1.0658, -0.4320, -0.4055, 1.3094, -0.8331, -1.5259, 0.7021
-1.0662, -0.4311, -0.4055, 1.3080, -0.8337, -1.5265, 0.7023
-1.0666, -0.4302, -0.4055, 1.3066, -0.8343, -1.5271, 0.7024
-1.0670, -0.4293, -0.4055, 1.3052, -0.8349, -1.5277, 0.7026
-1.0674, -0.4283, -0.4055, 1.3038, -0.8355, -1.5284, 0.7027
-1.0678, -0.4274, -0.4055, 1.3024, -0.8361, -1.5290, 0.7028
-1.0682, -0.4265, -0.4055, 1.3011, -0.8367, -1.5296, 0.7030
-1.0686, -0.4257, -0.4055, 1.2997, -0.8372, -1.5302, 0.7031
-1.0689, -0.4248, -0.4055, 1.2984, -0.8378, -1.5308, 0.7033
-1.0693, -0.4239, -0.4055, 1.2970, -0.8383, -1.5313, 0.7034
-1.0697, -0.4230, -0.4054, 1.2957, -0.8389, -1.5319, 0.7035
-1.0700, -0.4222, -0.4054, 1.2944, -0.8394, -1.5325, 0.7037
-1.0704, -0.4213, -0.4054, 1.2931, -0.8400, -1.5330, 0.7038
-1.0707, -0.4205, -0.4054, 1.2918, -0.8405, -1.5336, 0.7039
-1.0711, -0.4197, -0.4054, 1.2906, -0.8410, -1.5341, 0.7041
-1.0714, -0.4188, -0.4054, 1.2893, -0.8415, -1.5347, 0.7042
-1.0718, -0.4180, -0.4054, 1.2880, -0.8421, -1.5352, 0.7043
-1.0721, -0.4172, -0.4054, 1.2868, -0.8426, -1.5357, 0.7045
-1.0725, -0.4164, -0.4054, 1.2856, -0.8431, -1.5363, 0.7046
-1.0728, -0.4156, -0.4054, 1.2844, -0.8436, -1.5368, 0.7047
-1.0731, -0.4148, -0.4054, 1.2831, -0.8441, -1.5373, 0.7049
-1.0735, -0.4141, -0.4054, 1.2819, -0.8445, -1.5378, 0.7050
-1.0738, -0.4133, -0.4054, 1.2807, -0.8450, -1.5383, 0.7051
-1.0741, -0.4125, -0.4053, 1.2796, -0.8455, -1.5388, 0.7052
-1.0744, -0.4118, -0.4053, 1.2784, -0.8460, -1.5393, 0.7054
-1.0747, -0.4110, -0.4053, 1.2772, -0.8464, -1.5398, 0.7055
-1.0750, -0.4103, -0.4053, 1.2761, -0.8469, -1.5402, 0.7056
-1.0753, -0.4096, -0.4053, 1.2749, -0.8474, -1.5407, 0.7057
-1.0757, -0.4088, -0.4053, 1.2738, -0.8478, -1.5412, 0.7059
-1.0760, -0.4081, -0.4053, 1.2727, -0.8483, -1.5416, 0.7060
-1.0763, -0.4074, -0.4053, 1.2716, -0.8487, -1.5421, 0.7061
-1.0766, -0.4067, -0.4053, 1.2705, -0.8491, -1.5425, 0.7062
-1.0768, -0.4060, -0.4053, 1.2694, -0.8496, -1.5430, 0.7064
-1.0771, -0.4053, -0.4053, 1.2683, -0.8500, -1.5434, 0.7065
-1.0774, -0.4046, -0.4053, 1.2672, -0.8504, -1.5438, 0.7066
-1.0777, -0.4039, -0.4053, 1.2662, -0.8508, -1.5443, 0.7067
-1.0780, -0.4032, -0.4053, 1.2651, -0.8513, -1.5447, 0.7068
-1.0783, -0.4026, -0.4053, 1.2641, -0.8517, -1.5451, 0.7070
-1.0785, -0.4019, -0.4052, 1.2630, -0.8521, -1.5455, 0.7071
-1.0788, -0.4013, -0.4052, 1.2620, -0.8525, -1.5459, 0.7072
-1.0791, -0.4006, -0.4052, 1.2610, -0.8529, -1.5463, 0.7073
-1.0794, -0.4000, -0.4052, 1.2600, -0.8533, -1.5467, 0.7074
-1.0796, -0.3993, -0.4052, 1.2590, -0.8537, -1.5471, 0.7075
-1.0799, -0.3987, -0.4052, 1.2580, -0.8540, -1.5475, 0.7076
-1.0802, -0.3981, -0.4052, 1.2570, -0.8544, -1.5479, 0.7078
-1.0804, -0.3974, -0.4052, 1.2560, -0.8548, -1.5483, 0.7079
-1.0807, -0.3968, -0.4052, 1.2550, -0.8552, -1.5487, 0.7080
-1.0809, -0.3962, -0.4052, 1.2541, -0.8555, -1.5490, 0.7081
-1.0812, -0.3956, -0.4052, 1.2531, -0.8559, -1.5494, 0.7082
-1.0814, -0.3950, -0.4052, 1.2522, -0.8563, -1.5498, 0.7083
-1.0817, -0.3944, -0.4052, 1.2513, -0.8566, -1.5501, 0.7084
-1.0819, -0.3939, -0.4052, 1.2503, -0.8570, -1.5505, 0.7085
-1.0821, -0.3933, -0.4052, 1.2494, -0.8573, -1.5508, 0.7086
-1.0824, -0.3927, -0.4052, 1.2485, -0.8577, -1.5512, 0.7087
-1.0826, -0.3921, -0.4052, 1.2476, -0.8580, -1.5515, 0.7088
-1.0829, -0.3916, -0.4052, 1.2467, -0.8583, -1.5519, 0.7090
-1.0831, -0.3910, -0.4052, 1.2458, -0.8587, -1.5522, 0.7091
-1.0833, -0.3905, -0.4051, 1.2450, -0.8590, -1.5525, 0.7092
-1.0835, -0.3899, -0.4051, 1.2441, -0.8593, -1.5529, 0.7093
-1.0838, -0.3894, -0.4051, 1.2432, -0.8597, -1.5532, 0.7094
-1.0840, -0.3888, -0.4051, 1.2424, -0.8600, -1.5535, 0.7095
-1.0842, -0.3883, -0.4051, 1.2415, -0.8603, -1.5538, 0.7096
-1.0844, -0.3878, -0.4051, 1.2407, -0.8606, -1.5542, 0.7097
-1.0846, -0.3872, -0.4051, 1.2399, -0.8609, -1.5545, 0.7098
-1.0849, -0.3867, -0.4051, 1.2390, -0.8612, -1.5548, 0.7099
-1.0851, -0.3862, -0.4051, 1.2382, -0.8615, -1.5551, 0.7100
-1.0853, -0.3857, -0.4051, 1.2374, -0.8618, -1.5554, 0.7101
-1.0855, -0.3852, -0.4051, 1.2366, -0.8621, -1.5557, 0.7102
-1.0857, -0.3847, -0.4051, 1.2358, -0.8624, -1.5560, 0.7103
-1.0859, -0.3842, -0.4051, 1.2350, -0.8627, -1.5563, 0.7103
-1.0861, -0.3837, -0.4051, 1.2343, -0.8630, -1.5565, 0.7104
-1.0863, -0.3833, -0.4051, 1.2335, -0.8633, -1.5568, 0.7105
-1.0865, -0.3828, -0.4051, 1.2327, -0.8636, -1.5571, 0.7106
-1.0867, -0.3823, -0.4051, 1.2320, -0.8639, -1.5574, 0.7107
-1.0869, -0.3818, -0.4051, 1.2312, -0.8642, -1.5577, 0.7108
-1.0871, -0.3814, -0.4051, 1.2305, -0.8644, -1.5579, 0.7109
-1.0873, -0.3809, -0.4051, 1.2297, -0.8647, -1.5582, 0.7110
-1.0875, -0.3804, -0.4051, 1.2290, -0.8650, -1.5585, 0.7111
-1.0876, -0.3800, -0.4051, 1.2283, -0.8652, -1.5587, 0.7112
-1.0878, -0.3795, -0.4051, 1.2276, -0.8655, -1.5590, 0.7113
-1.0880, -0.3791, -0.4050, 1.2268, -0.8658, -1.5592, 0.7113
-1.0882, -0.3787, -0.4050, 1.2261, -0.8660, -1.5595, 0.7114
-1.0884, -0.3782, -0.4050, 1.2254, -0.8663, -1.5598, 0.7115
-1.0885, -0.3778, -0.4050, 1.2247, -0.8665, -1.5600, 0.7116
-1.0887, -0.3774, -0.4050, 1.2241, -0.8668, -1.5602, 0.7117
-1.0889, -0.3770, -0.4050, 1.2234, -0.8670, -1.5605, 0.7118
-1.0891, -0.3765, -0.4050, 1.2227, -0.8673, -1.5607, 0.7119
-1.0892, -0.3761, -0.4050, 1.2220, -0.8675, -1.5610, 0.7119
-1.0894, -0.3757, -0.4050, 1.2214, -0.8677, -1.5612, 0.7120
-1.0896, -0.3753, -0.4050, 1.2207, -0.8680, -1.5614, 0.7121
-1.0897, -0.3749, -0.4050, 1.2201, -0.8682, -1.5617, 0.7122
-1.0899, -0.3745, -0.4050, 1.2194, -0.8684, -1.5619, 0.7123
-1.0901, -0.3741, -0.4050, 1.2188, -0.8687, -1.5621, 0.7123
-1.0902, -0.3737, -0.4050, 1.2182, -0.8689, -1.5623, 0.7124
-1.0904, -0.3733, -0.4050, 1.2175, -0.8691, -1.5626, 0.7125
-1.0905, -0.3730, -0.4050, 1.2169, -0.8693, -1.5628, 0.7126
-1.0907, -0.3726, -0.4050, 1.2163, -0.8696, -1.5630, 0.7127
-1.0909, -0.3722, -0.4050, 1.2157, -0.8698, -1.5632, 0.7127
-1.0910, -0.3718, -0.4050, 1.2151, -0.8700, -1.5634, 0.7128
-1.0912, -0.3715, -0.4050, 1.2145, -0.8702, -1.5636, 0.7129
-1.0913, -0.3711, -0.4050, 1.2139, -0.8704, -1.5638, 0.7130
-1.1262, -0.3443, -0.3684, 1.1560, -0.9222, -1.5691, 0.7093
-1.1244, -0.3482, -0.3675, 1.1597, -0.9178, -1.5621, 0.7100
-1.1225, -0.3520, -0.3666, 1.1632, -0.9134, -1.5551, 0.7107
-1.1207, -0.3557, -0.3656, 1.1667, -0.9090, -1.5482, 0.7113
-1.1189, -0.3594, -0.3647, 1.1700, -0.9047, -1.5413, 0.7120
-1.1171, -0.3630, -0.3638, 1.1733, -0.9004, -1.5344, 0.7126
-1.1153, -0.3665, -0.3629, 1.1764, -0.8961, -1.5275, 0.7132
-1.1136, -0.3700, -0.3621, 1.1795, -0.8918, -1.5207, 0.7138
-1.1118, -0.3734, -0.3612, 1.1824, -0.8876, -1.5139, 0.7144
-1.1101, -0.3768, -0.3604, 1.1853, -0.8834, -1.5072, 0.7150
-1.1084, -0.3801, -0.3595, 1.1880, -0.8793, -1.5004, 0.7156
-1.1067, -0.3834, -0.3587, 1.1907, -0.8752, -1.4937, 0.7161
-1.1051, -0.3866, -0.3579, 1.1933, -0.8711, -1.4871, 0.7167
-1.1034, -0.3897, -0.3571, 1.1958, -0.8670, -1.4805, 0.7172
-1.1018, -0.3929, -0.3563, 1.1982, -0.8630, -1.4739, 0.7177
-1.1002, -0.3959, -0.3555, 1.2005, -0.8590, -1.4673, 0.7182
-1.0986, -0.3989, -0.3548, 1.2027, -0.8550, -1.4608, 0.7187
-1.0970, -0.4018, -0.3540, 1.2049, -0.8511, -1.4543, 0.7192
-1.0954, -0.4047, -0.3533, 1.2069, -0.8471, -1.4479, 0.7197
-1.0939, -0.4076, -0.3525, 1.2089, -0.8433, -1.4415, 0.7202
-1.0923, -0.4104, -0.3518, 1.2108, -0.8394, -1.4351, 0.7206
-1.0908, -0.4132, -0.3511, 1.2127, -0.8356, -1.4288, 0.7210
-1.0893, -0.4159, -0.3504, 1.2145, -0.8318, -1.4225, 0.7215
-1.0878, -0.4185, -0.3497, 1.2162, -0.8280, -1.4162, 0.7219
-1.0864, -0.4211, -0.3490, 1.2178, -0.8243, -1.4100, 0.7223
-1.0849, -0.4237, -0.3484, 1.2194, -0.8206, -1.4038, 0.7226
-1.0835, -0.4262, -0.3477, 1.2209, -0.8169, -1.3976, 0.7230
-1.0820, -0.4287, -0.3471, 1.2223, -0.8133, -1.3915, 0.7234
-1.0806, -0.4312, -0.3464, 1.2237, -0.8097, -1.3854, 0.7237
-1.0792, -0.4336, -0.3458, 1.2250, -0.8061, -1.3794, 0.7241
-1.0778, -0.4359, -0.3452, 1.2263, -0.8025, -1.3733, 0.7244
-1.0765, -0.4383, -0.3446, 1.2275, -0.7990, -1.3674, 0.7247
-1.0751, -0.4405, -0.3440, 1.2286, -0.7955, -1.3614, 0.7250
-1.0738, -0.4428, -0.3434, 1.2297, -0.7920, -1.3555, 0.7253
-1.0724, -0.4450, -0.3428, 1.2308, -0.7885, -1.3497, 0.7255
-1.0711, -0.4471, -0.3422, 1.2317, -0.7851, -1.3438, 0.7258
-1.0698, -0.4493, -0.3416, 1.2327, -0.7817, -1.3381, 0.7261
-1.0685, -0.4513, -0.3411, 1.2336, -0.7784, -1.3323, 0.7263
-1.0672, -0.4534, -0.3405, 1.2344, -0.7750, -1.3266, 0.7265
-1.0660, -0.4554, -0.3400, 1.2352, -0.7717, -1.3209, 0.7268
-1.0647, -0.4574, -0.3394, 1.2359, -0.7684, -1.3153, 0.7270
-1.0635, -0.4593, -0.3389, 1.2366, -0.7652, -1.3097, 0.7272
-1.0623, -0.4612, -0.3384, 1.2372, -0.7619, -1.3041, 0.7274
-1.0611, -0.4631, -0.3379, 1.2378, -0.7587, -1.2986, 0.7275
-1.0599, -0.4649, -0.3374, 1.2384, -0.7556, -1.2931, 0.7277
-1.0587, -0.4668, -0.3369, 1.2389, -0.7524, -1.2876, 0.7278
-1.0575, -0.4685, -0.3364, 1.2394, -0.7493, -1.2822, 0.7280
-1.0564, -0.4703, -0.3359, 1.2398, -0.7462, -1.2768, 0.7281
-1.0552, -0.4720, -0.3354, 1.2402, -0.7431, -1.2715, 0.7283
-1.0552, -0.4742, -0.3354, 1.2427, -0.7417, -1.2698, 0.7291
-1.0552, -0.4764, -0.3354, 1.2452, -0.7402, -1.2680, 0.7300
-1.0552, -0.4786, -0.3354, 1.2477, -0.7388, -1.2663, 0.7309
-1.0552, -0.4807, -0.3354, 1.2501, -0.7375, -1.2646, 0.7317
-1.0552, -0.4829, -0.3354, 1.2525, -0.7361, -1.2629, 0.7326
-1.0551, -0.4850, -0.3354, 1.2549, -0.7348, -1.2613, 0.7334
-1.0551, -0.4871, -0.3355, 1.2573, -0.7334, -1.2596, 0.7342
-1.0551, -0.4892, -0.3355, 1.2596, -0.7321, -1.2580, 0.7350
-1.0551, -0.4912, -0.3355, 1.2619, -0.7308, -1.2564, 0.7358
-1.0551, -0.4933, -0.3355, 1.2642, -0.7296, -1.2548, 0.7366
-1.0550, -0.4953, -0.3355, 1.2665, -0.7283, -1.2532, 0.7374
-1.0550, -0.4973, -0.3356, 1.2688, -0.7270, -1.2517, 0.7382
-1.0550, -0.4993, -0.3356, 1.2710, -0.7258, -1.2501, 0.7390
-1.0549, -0.5013, -0.3356, 1.2732, -0.7246, -1.2486, 0.7398
-1.0549, -0.5032, -0.3357, 1.2754, -0.7234, -1.2471, 0.7405
-1.0549, -0.5051, -0.3357, 1.2775, -0.7222, -1.2456, 0.7413
-1.0548, -0.5071, -0.3358, 1.2797, -0.7211, -1.2441, 0.7420
-1.0548, -0.5089, -0.3358, 1.2818, -0.7199, -1.2427, 0.7428
-1.0547, -0.5108, -0.3359, 1.2839, -0.7188, -1.2412, 0.7435
-1.0547, -0.5127, -0.3359, 1.2859, -0.7177, -1.2398, 0.7442
-1.0547, -0.5145, -0.3360, 1.2880, -0.7166, -1.2384, 0.7449
-1.0546, -0.5163, -0.3360, 1.2900, -0.7155, -1.2369, 0.7456
-1.0546, -0.5182, -0.3361, 1.2920, -0.7144, -1.2356, 0.7463
-1.0545, -0.5200, -0.3362, 1.2940, -0.7134, -1.2342, 0.7470
-1.0545, -0.5217, -0.3362, 1.2960, -0.7123, -1.2328, 0.7477
-1.0544, -0.5235, -0.3363, 1.2980, -0.7113, -1.2315, 0.7484
-1.0543, -0.5252, -0.3364, 1.2999, -0.7103, -1.2301, 0.7490
-1.0543, -0.5270, -0.3364, 1.3018, -0.7092, -1.2288, 0.7497
-1.0542, -0.5287, -0.3365, 1.3037, -0.7083, -1.2275, 0.7503
-1.0542, -0.5304, -0.3366, 1.3056, -0.7073, -1.2262, 0.7510
-1.0541, -0.5320, -0.3367, 1.3074, -0.7063, -1.2249, 0.7516
-1.0540, -0.5337, -0.3367, 1.3093, -0.7053, -1.2236, 0.7522
-1.0540, -0.5354, -0.3368, 1.3111, -0.7044, -1.2224, 0.7528
-1.0539, -0.5370, -0.3369, 1.3129, -0.7035, -1.2211, 0.7534
-1.0538, -0.5386, -0.3370, 1.3147, -0.7025, -1.2199, 0.7540
-1.0538, -0.5402, -0.3371, 1.3165, -0.7016, -1.2186, 0.7546
-1.0537, -0.5418, -0.3372, 1.3182, -0.7007, -1.2174, 0.7552
-1.0536, -0.5434, -0.3372, 1.3199, -0.6999, -1.2162, 0.7558
-1.0535, -0.5450, -0.3373, 1.3217, -0.6990, -1.2150, 0.7563
-1.0535, -0.5465, -0.3374, 1.3234, -0.6981, -1.2139, 0.7569
-1.0534, -0.5480, -0.3375, 1.3250, -0.6973, -1.2127, 0.7575
-1.0533, -0.5496, -0.3376, 1.3267, -0.6964, -1.2115, 0.7580
-1.0532, -0.5511, -0.3377, 1.3284, -0.6956, -1.2104, 0.7585
-1.0531, -0.5526, -0.3378, 1.3300, -0.6948, -1.2093, 0.7591
-1.0531, -0.5540, -0.3379, 1.3316, -0.6939, -1.2081, 0.7596
-1.0530, -0.5555, -0.3380, 1.3331, -0.6930, -1.2068, 0.7601
-1.0530, -0.5569, -0.3382, 1.3345, -0.6921, -1.2054, 0.7605
-1.0529, -0.5583, -0.3383, 1.3358, -0.6910, -1.2039, 0.7609
-1.0529, -0.5596, -0.3385, 1.3370, -0.6899, -1.2021, 0.7613
-1.0529, -0.5609, -0.3387, 1.3380, -0.6886, -1.2001, 0.7616
-1.0528, -0.5621, -0.3389, 1.3388, -0.6872, -1.1979, 0.7619
-1.0528, -0.5632, -0.3390, 1.3393, -0.6857, -1.1953, 0.7620
-1.0526, -0.5643, -0.3392, 1.3396, -0.6839, -1.1924, 0.7621
-1.0524, -0.5653, -0.3393, 1.3396, -0.6820, -1.1891, 0.7621
-1.0520, -0.5661, -0.3394, 1.3394, -0.6799, -1.1854, 0.7620
-1.0515, -0.5669, -0.3394, 1.3388, -0.6776, -1.1813, 0.7619
-1.0508, -0.5676, -0.3394, 1.3379, -0.6751, -1.1769, 0.7616
-1.0499, -0.5682, -0.3392, 1.3369, -0.6726, -1.1723, 0.7613
-1.0488, -0.5687, -0.3389, 1.3358, -0.6700, -1.1677, 0.7609
-1.0476, -0.5693, -0.3386, 1.3346, -0.6675, -1.1631, 0.7606
-1.0465, -0.5698, -0.3383, 1.3334, -0.6650, -1.1584, 0.7602
-1.0454, -0.5703, -0.3380, 1.3322, -0.6625, -1.1539, 0.7599
-1.0444, -0.5707, -0.3377, 1.3310, -0.6600, -1.1493, 0.7595
-1.0433, -0.5712, -0.3374, 1.3298, -0.6575, -1.1448, 0.7591
-1.0422, -0.5716, -0.3371, 1.3285, -0.6551, -1.1404, 0.7587
-1.0412, -0.5720, -0.3368, 1.3273, -0.6527, -1.1359, 0.7584
-1.0401, -0.5725, -0.3366, 1.3261, -0.6503, -1.1316, 0.7580
-1.0391, -0.5728, -0.3363, 1.3248, -0.6479, -1.1272, 0.7576
-1.0381, -0.5732, -0.3360, 1.3235, -0.6456, -1.1229, 0.7572
-1.0371, -0.5736, -0.3357, 1.3223, -0.6433, -1.1186, 0.7568
-1.0361, -0.5739, -0.3355, 1.3210, -0.6410, -1.1144, 0.7564
-1.0351, -0.5743, -0.3352, 1.3197, -0.6387, -1.1102, 0.7560
-1.0341, -0.5746, -0.3349, 1.3184, -0.6364, -1.1060, 0.7556
-1.0332, -0.5749, -0.3347, 1.3171, -0.6342, -1.1019, 0.7552
-1.0322, -0.5752, -0.3344, 1.3158, -0.6319, -1.0978, 0.7548
-1.0312, -0.5755, -0.3342, 1.3145, -0.6297, -1.0938, 0.7544
-1.0302, -0.5758, -0.3339, 1.3132, -0.6276, -1.0898, 0.7540
-1.0293, -0.5760, -0.3336, 1.3119, -0.6254, -1.0858, 0.7536
-1.0283, -0.5763, -0.3334, 1.3106, -0.6233, -1.0819, 0.7531
-1.0274, -0.5765, -0.3331, 1.3093, -0.6212, -1.0780, 0.7527
-1.0265, -0.5767, -0.3329, 1.3079, -0.6191, -1.0741, 0.7523
-1.0256, -0.5769, -0.3326, 1.3066, -0.6170, -1.0703, 0.7519
-1.0247, -0.5772, -0.3324, 1.3053, -0.6149, -1.0665, 0.7515
-1.0238, -0.5773, -0.3321, 1.3039, -0.6129, -1.0627, 0.7510
-1.0229, -0.5775, -0.3319, 1.3026, -0.6108, -1.0590, 0.7506
-1.0220, -0.5777, -0.3317, 1.3013, -0.6088, -1.0553, 0.7502
-1.0212, -0.5779, -0.3314, 1.2999, -0.6068, -1.0516, 0.7498
-1.0203, -0.5780, -0.3312, 1.2986, -0.6049, -1.0480, 0.7493
-1.0195, -0.5782, -0.3310, 1.2972, -0.6029, -1.0444, 0.7489
-1.0187, -0.5783, -0.3308, 1.2959, -0.6009, -1.0408, 0.7485
-1.0178, -0.5784, -0.3306, 1.2946, -0.5990, -1.0372, 0.7480
-1.0170, -0.5785, -0.3303, 1.2932, -0.5971, -1.0337, 0.7476
-1.0162, -0.5787, -0.3301, 1.2919, -0.5952, -1.0302, 0.7472
-1.0155, -0.5788, -0.3299, 1.2905, -0.5933, -1.0268, 0.7467
-1.0147, -0.5788, -0.3297, 1.2892, -0.5915, -1.0233, 0.7463
-1.0139, -0.5789, -0.3295, 1.2878, -0.5896, -1.0200, 0.7458
-1.0131, -0.5790, -0.3293, 1.2865, -0.5878, -1.0166, 0.7454
-1.0124, -0.5791, -0.3291, 1.2851, -0.5860, -1.0133, 0.7450
-1.0117, -0.5791, -0.3290, 1.2838, -0.5842, -1.0099, 0.7445
-1.0109, -0.5792, -0.3288, 1.2824, -0.5824, -1.0067, 0.7441
-1.0102, -0.5792, -0.3286, 1.2811, -0.5806, -1.0034, 0.7436
-1.0095, -0.5793, -0.3284, 1.2797, -0.5788, -1.0002, 0.7432
-1.0088, -0.5793, -0.3282, 1.2784, -0.5771, -0.9970, 0.7428
-1.0081, -0.5793, -0.3281, 1.2771, -0.5754, -0.9938, 0.7423
-1.0074, -0.5794, -0.3279, 1.2757, -0.5737, -0.9907, 0.7419
-1.0067, -0.5794, -0.3277, 1.2744, -0.5720, -0.9876, 0.7414
-1.0060, -0.5794, -0.3276, 1.2731, -0.5703, -0.9845, 0.7410
-1.0054, -0.5794, -0.3274, 1.2717, -0.5686, -0.9815, 0.7405
-1.0047, -0.5794, -0.3272, 1.2704, -0.5669, -0.9785, 0.7401
-1.0041, -0.5794, -0.3271, 1.2691, -0.5653, -0.9755, 0.7397
-1.0034, -0.5794, -0.3269, 1.2678, -0.5637, -0.9725, 0.7392
-1.0028, -0.5793, -0.3268, 1.2664, -0.5621, -0.9695, 0.7388
-1.0022, -0.5793, -0.3266, 1.2651, -0.5604, -0.9666, 0.7383
-1.0015, -0.5793, -0.3265, 1.2638, -0.5589, -0.9637, 0.7379
-1.0009, -0.5792, -0.3264, 1.2625, -0.5573, -0.9609, 0.7374
-1.0003, -0.5792, -0.3262, 1.2612, -0.5557, -0.9580, 0.7370
-0.9997, -0.5792, -0.3261, 1.2599, -0.5542, -0.9552, 0.7366
-0.9991, -0.5791, -0.3259, 1.2586, -0.5526, -0.9524, 0.7361
-0.9986, -0.5791, -0.3258, 1.2573, -0.5511, -0.9497, 0.7357
-0.9980, -0.5790, -0.3257, 1.2560, -0.5496, -0.9469, 0.7352
-0.9974, -0.5789, -0.3256, 1.2547, -0.5481, -0.9442, 0.7348
-0.9969, -0.5789, -0.3254, 1.2535, -0.5466, -0.9415, 0.7344
-0.9963, -0.5788, -0.3253, 1.2522, -0.5452, -0.9388, 0.7339
-0.9957, -0.5787, -0.3252, 1.2509, -0.5437, -0.9362, 0.7335
-0.9952, -0.5787, -0.3251, 1.2496, -0.5422, -0.9336, 0.7331
-0.9947, -0.5786, -0.3249, 1.2484, -0.5408, -0.9310, 0.7326
-0.9941, -0.5785, -0.3248, 1.2471, -0.5394, -0.9284, 0.7322
-0.9936, -0.5784, -0.3247, 1.2459, -0.5380, -0.9259, 0.7318
-0.9931, -0.5783, -0.3246, 1.2446, -0.5366, -0.9233, 0.7313
-0.9926, -0.5782, -0.3245, 1.2434, -0.5352, -0.9208, 0.7309
-0.9921, -0.5781, -0.3244, 1.2421, -0.5338, -0.9184, 0.7305
-0.9916, -0.5780, -0.3243, 1.2409, -0.5324, -0.9159, 0.7301
-0.9911, -0.5779, -0.3242, 1.2397, -0.5311, -0.9135, 0.7296
-0.9906, -0.5778, -0.3241, 1.2385, -0.5297, -0.9111, 0.7292
-0.9901, -0.5777, -0.3240, 1.2372, -0.5284, -0.9087, 0.7288
-0.9896, -0.5776, -0.3239, 1.2360, -0.5271, -0.9063, 0.7284
-0.9892, -0.5775, -0.3238, 1.2348, -0.5258, -0.9040, 0.7279
-0.9887, -0.5774, -0.3237, 1.2336, -0.5245, -0.9016, 0.7275
-0.9882, -0.5772, -0.3236, 1.2324, -0.5232, -0.8993, 0.7271
-0.9878, -0.5771, -0.3235, 1.2312, -0.5219, -0.8971, 0.7267
-0.9873, -0.5770, -0.3234, 1.2301, -0.5207, -0.8948, 0.7263
-0.9869, -0.5769, -0.3234, 1.2289, -0.5194, -0.8926, 0.7258
-0.9865, -0.5767, -0.3233, 1.2277, -0.5182, -0.8903, 0.7254
-0.9860, -0.5766, -0.3232, 1.2266, -0.5169, -0.8881, 0.7250
-0.9856, -0.5765, -0.3231, 1.2254, -0.5157, -0.8860, 0.7246
-0.9852, -0.5763, -0.3230, 1.2242, -0.5145, -0.8838, 0.7242
-0.9848, -0.5762, -0.3229, 1.2231, -0.5133, -0.8817, 0.7238
-0.9843, -0.5761, -0.3229, 1.2219, -0.5121, -0.8795, 0.7234
-0.9839, -0.5759, -0.3228, 1.2208, -0.5109, -0.8774, 0.7230
-0.9835, -0.5758, -0.3227, 1.2197, -0.5097, -0.8754, 0.7226
-0.9831, -0.5757, -0.3227, 1.2186, -0.5086, -0.8733, 0.7222
-0.9827, -0.5755, -0.3226, 1.2174, -0.5074, -0.8713, 0.7218
-0.9823, -0.5754, -0.3225, 1.2163, -0.5063, -0.8692, 0.7214
-0.9820, -0.5752, -0.3224, 1.2152, -0.5052, -0.8672, 0.7210
-0.9816, -0.5751, -0.3224, 1.2141, -0.5040, -0.8652, 0.7206
-0.9812, -0.5749, -0.3223, 1.2130, -0.5029, -0.8633, 0.7202
-0.9808, -0.5748, -0.3223, 1.2119, -0.5018, -0.8613, 0.7198
-0.9804, -0.5746, -0.3222, 1.2109, -0.5007, -0.8594, 0.7194
-0.9801, -0.5745, -0.3221, 1.2098, -0.4996, -0.8575, 0.7190
-0.9797, -0.5743, -0.3221, 1.2087, -0.4986, -0.8556, 0.7186
-0.9794, -0.5742, -0.3220, 1.2077, -0.4975, -0.8537, 0.7183
-0.9790, -0.5740, -0.3220, 1.2066, -0.4964, -0.8519, 0.7179
-0.9787, -0.5739, -0.3219, 1.2056, -0.4954, -0.8500, 0.7175
-0.9783, -0.5737, -0.3218, 1.2045, -0.4943, -0.8482, 0.7171
-0.9780, -0.5736, -0.3218, 1.2035, -0.4933, -0.8464, 0.7167
-0.9776, -0.5734, -0.3217, 1.2025, -0.4923, -0.8446, 0.7164
-0.9773, -0.5733, -0.3217, 1.2014, -0.4913, -0.8428, 0.7160
-0.9770, -0.5731, -0.3216, 1.2004, -0.4903, -0.8411, 0.7156
-0.9767, -0.5729, -0.3216, 1.1994, -0.4893, -0.8393, 0.7153
-0.9763, -0.5728, -0.3215, 1.1984, -0.4883, -0.8376, 0.7149
-0.9760, -0.5726, -0.3215, 1.1974, -0.4873, -0.8359, 0.7145
-0.9757, -0.5725, -0.3215, 1.1964, -0.4863, -0.8342, 0.7142
-0.9754, -0.5723, -0.3214, 1.1954, -0.4854, -0.8325, 0.7138
-0.9751, -0.5721, -0.3214, 1.1945, -0.4844, -0.8308, 0.7134
-0.9748, -0.5720, -0.3213, 1.1935, -0.4835, -0.8292, 0.7131
-0.9745, -0.5718, -0.3213, 1.1925, -0.4825, -0.8276, 0.7127
-0.9742, -0.5717, -0.3212, 1.1916, -0.4816, -0.8260, 0.7124
-0.9739, -0.5715, -0.3212, 1.1906, -0.4807, -0.8244, 0.7120
-0.9736, -0.5713, -0.3212, 1.1897, -0.4798, -0.8228, 0.7117
-0.9733, -0.5712, -0.3211, 1.1887, -0.4789, -0.8212, 0.7113
-0.9730, -0.5710, -0.3211, 1.1878, -0.4780, -0.8196, 0.7110
-0.9728, -0.5709, -0.3211, 1.1869, -0.4771, -0.8181, 0.7106
-0.9725, -0.5707, -0.3210, 1.1859, -0.4762, -0.8166, 0.7103
-0.9722, -0.5705, -0.3210, 1.1850, -0.4753, -0.8151, 0.7099
-0.9719, -0.5704, -0.3210, 1.1841, -0.4744, -0.8136, 0.7096
-0.9717, -0.5702, -0.3209, 1.1832, -0.4736, -0.8121, 0.7093
-0.9714, -0.5701, -0.3209, 1.1823, -0.4727, -0.8106, 0.7089
-0.9711, -0.5699, -0.3209, 1.1814, -0.4719, -0.8092, 0.7086
-0.9709, -0.5697, -0.3208, 1.1805, -0.4710, -0.8077, 0.7083
-0.9706, -0.5696, -0.3208, 1.1797, -0.4702, -0.8063, 0.7079
-0.9704, -0.5694, -0.3208, 1.1788, -0.4694, -0.8049, 0.7076
-0.9701, -0.5693, -0.3208, 1.1779, -0.4686, -0.8035, 0.7073
-0.9699, -0.5691, -0.3207, 1.1771, -0.4678, -0.8021, 0.7070
-0.9696, -0.5689, -0.3207, 1.1762, -0.4669, -0.8007, 0.7067
-0.9694, -0.5688, -0.3207, 1.1754, -0.4662, -0.7994, 0.7063
-0.9691, -0.5686, -0.3206, 1.1745, -0.4654, -0.7980, 0.7060
-0.9689, -0.5685, -0.3206, 1.1737, -0.4646, -0.7967, 0.7057
-0.9687, -0.5683, -0.3206, 1.1729, -0.4638, -0.7953, 0.7054
-0.9684, -0.5681, -0.3206, 1.1721, -0.4630, -0.7940, 0.7051
-0.9682, -0.5680, -0.3206, 1.1712, -0.4623, -0.7927, 0.7048
-0.9680, -0.5678, -0.3205, 1.1704, -0.4615, -0.7915, 0.7045
-0.9678, -0.5677, -0.3205, 1.1696, -0.4608, -0.7902, 0.7042
-0.9675, -0.5675, -0.3205, 1.1688, -0.4600, -0.7889, 0.7039
-0.9673, -0.5674, -0.3205, 1.1680, -0.4593, -0.7877, 0.7036
-0.9671, -0.5672, -0.3205, 1.1673, -0.4586, -0.7864, 0.7033
-0.9669, -0.5670, -0.3204, 1.1665, -0.4578, -0.7852, 0.7030
-0.9667, -0.5669, -0.3204, 1.1657, -0.4571, -0.7840, 0.7027
-0.9665, -0.5667, -0.3204, 1.1649, -0.4564, -0.7828, 0.7024
-0.9662, -0.5666, -0.3204, 1.1642, -0.4557, -0.7816, 0.7021
-0.9660, -0.5664, -0.3204, 1.1634, -0.4550, -0.7804, 0.7018
-0.9658, -0.5663, -0.3204, 1.1627, -0.4543, -0.7793, 0.7015
-0.9656, -0.5661, -0.3203, 1.1619, -0.4536, -0.7781, 0.7012
-0.9654, -0.5660, -0.3203, 1.1612, -0.4530, -0.7769, 0.7009
-0.9652, -0.5658, -0.3203, 1.1604, -0.4523, -0.7758, 0.7007
-0.9650, -0.5657, -0.3203, 1.1597, -0.4516, -0.7747, 0.7004
-0.9649, -0.5655, -0.3203, 1.1590, -0.4510, -0.7736, 0.7001
-0.9647, -0.5654, -0.3203, 1.1583, -0.4503, -0.7725, 0.6998
-0.9645, -0.5652, -0.3203, 1.1576, -0.4496, -0.7714, 0.6996
-0.9643, -0.5651, -0.3203, 1.1569, -0.4490, -0.7703, 0.6993
-0.9641, -0.5649, -0.3202, 1.1562, -0.4484, -0.7692, 0.6990
-0.9639, -0.5648, -0.3202, 1.1555, -0.4477, -0.7682, 0.6988
-0.9637, -0.5646, -0.3202, 1.1548, -0.4471, -0.7671, 0.6985
-0.9636, -0.5645, -0.3202, 1.1541, -0.4465, -0.7661, 0.6982
-0.9634, -0.5643, -0.3202, 1.1534, -0.4459, -0.7650, 0.6980
-0.9632, -0.5642, -0.3202, 1.1527, -0.4453, -0.7640, 0.6977
-0.9630, -0.5640, -0.3202, 1.1521, -0.4446, -0.7630, 0.6974
-0.9629, -0.5639, -0.3202, 1.1514, -0.4440, -0.7620, 0.6972
-0.9627, -0.5638, -0.3202, 1.1508, -0.4435, -0.7610, 0.6969
-0.9625, -0.5636, -0.3202, 1.1501, -0.4429, -0.7600, 0.6967
-0.9624, -0.5635, -0.3201, 1.1495, -0.4423, -0.7591, 0.6964
-0.9622, -0.5633, -0.3201, 1.1488, -0.4417, -0.7581, 0.6962
-0.9620, -0.5632, -0.3201, 1.1482, -0.4411, -0.7571, 0.6959
-0.9619, -0.5631, -0.3201, 1.1476, -0.4406, -0.7562, 0.6957
-0.9617, -0.5629, -0.3201, 1.1469, -0.4400, -0.7553, 0.6955
-0.9616, -0.5628, -0.3201, 1.1463, -0.4394, -0.7543, 0.6952
-0.9614, -0.5627, -0.3201, 1.1457, -0.4389, -0.7534, 0.6950
-0.9613, -0.5625, -0.3201, 1.1451, -0.4383, -0.7525, 0.6947
-0.9611, -0.5624, -0.3201, 1.1445, -0.4378, -0.7516, 0.6945
-0.9610, -0.5622, -0.3201, 1.1439, -0.4373, -0.7507, 0.6943
-0.9608, -0.5621, -0.3201, 1.1433, -0.4367, -0.7498, 0.6940
-0.9607, -0.5620, -0.3201, 1.1427, -0.4362, -0.7490, 0.6938
-0.9605, -0.5619, -0.3201, 1.1421, -0.4357, -0.7481, 0.6936
-0.9604, -0.5617, -0.3201, 1.1415, -0.4351, -0.7472, 0.6933
-0.9602, -0.5616, -0.3201, 1.1410, -0.4346, -0.7464, 0.6931
-0.9601, -0.5615, -0.3201, 1.1404, -0.4341, -0.7456, 0.6929
-0.9600, -0.5613, -0.3201, 1.1398, -0.4336, -0.7447, 0.6927
-0.9598, -0.5612, -0.3201, 1.1393, -0.4331, -0.7439, 0.6925
-0.9597, -0.5611, -0.3201, 1.1387, -0.4326, -0.7431, 0.6922
-0.9595, -0.5609, -0.3201, 1.1382, -0.4321, -0.7423, 0.6920
-0.9594, -0.5608, -0.3201, 1.1376, -0.4316, -0.7415, 0.6918
-0.9593, -0.5607, -0.3201, 1.1371, -0.4312, -0.7407, 0.6916
-0.9592, -0.5606, -0.3201, 1.1365, -0.4307, -0.7399, 0.6914
-0.9590, -0.5605, -0.3201, 1.1360, -0.4302, -0.7391, 0.6912
-0.9589, -0.5603, -0.3201, 1.1355, -0.4297, -0.7383, 0.6910
-0.9588, -0.5602, -0.3201, 1.1349, -0.4293, -0.7376, 0.6908
-0.9586, -0.5601, -0.3201, 1.1344, -0.4288, -0.7368, 0.6905
-0.9585, -0.5600, -0.3201, 1.1339, -0.4284, -0.7361, 0.6903
-0.9584, -0.5598, -0.3201, 1.1334, -0.4279, -0.7353, 0.6901
-0.9583, -0.5597, -0.3201, 1.1329, -0.4275, -0.7346, 0.6899
-0.9582, -0.5596, -0.3201, 1.1324, -0.4270, -0.7339, 0.6897
-0.9580, -0.5595, -0.3201, 1.1319, -0.4266, -0.7331, 0.6895
-0.9579, -0.5594, -0.3201, 1.1314, -0.4261, -0.7324, 0.6894
