0.0947, -1.3848, -0.3447, 2.2595, 0.1863, -0.8544, -0.0747
0.0891, -1.3748, -0.3472, 2.2616, 0.1917, -0.8644, -0.0647
0.0836, -1.3648, -0.3496, 2.2635, 0.1973, -0.8744, -0.0547
0.0781, -1.3548, -0.3519, 2.2649, 0.2031, -0.8844, -0.0447
0.0727, -1.3448, -0.3541, 2.2661, 0.2091, -0.8944, -0.0347
0.0673, -1.3348, -0.3561, 2.2670, 0.2154, -0.9044, -0.0247
0.0621, -1.3248, -0.3580, 2.2675, 0.2218, -0.9144, -0.0147
0.0568, -1.3148, -0.3598, 2.2678, 0.2285, -0.9244, -0.0047
0.0517, -1.3048, -0.3615, 2.2678, 0.2354, -0.9344, 0.0053
0.0466, -1.2948, -0.3631, 2.2675, 0.2425, -0.9444, 0.0153
0.0416, -1.2848, -0.3645, 2.2669, 0.2498, -0.9544, 0.0253
0.0366, -1.2748, -0.3658, 2.2660, 0.2572, -0.9644, 0.0353
0.0317, -1.2648, -0.3671, 2.2649, 0.2649, -0.9744, 0.0453
0.0268, -1.2548, -0.3682, 2.2636, 0.2727, -0.9844, 0.0553
0.0220, -1.2448, -0.3692, 2.2619, 0.2808, -0.9944, 0.0653
0.0173, -1.2348, -0.3701, 2.2601, 0.2890, -1.0044, 0.0753
0.0126, -1.2248, -0.3710, 2.2580, 0.2973, -1.0144, 0.0853
0.0079, -1.2148, -0.3717, 2.2557, 0.3058, -1.0244, 0.0953
0.0033, -1.2048, -0.3723, 2.2531, 0.3145, -1.0344, 0.1053
-0.0013, -1.1948, -0.3729, 2.2503, 0.3233, -1.0444, 0.1153
-0.0058, -1.1848, -0.3733, 2.2473, 0.3323, -1.0544, 0.1252
-0.0103, -1.1748, -0.3737, 2.2441, 0.3414, -1.0644, 0.1351
-0.0147, -1.1648, -0.3740, 2.2407, 0.3507, -1.0744, 0.1448
-0.0191, -1.1548, -0.3741, 2.2371, 0.3600, -1.0844, 0.1545
-0.0235, -1.1448, -0.3742, 2.2333, 0.3695, -1.0944, 0.1640
-0.0279, -1.1348, -0.3743, 2.2294, 0.3791, -1.1044, 0.1735
-0.0322, -1.1248, -0.3742, 2.2252, 0.3888, -1.1144, 0.1828
-0.0365, -1.1148, -0.3741, 2.2209, 0.3986, -1.1244, 0.1921
-0.0408, -1.1048, -0.3739, 2.2164, 0.4085, -1.1344, 0.2012
-0.0451, -1.0948, -0.3736, 2.2117, 0.4185, -1.1444, 0.2102
-0.0493, -1.0848, -0.3732, 2.2068, 0.4285, -1.1544, 0.2190
-0.0536, -1.0748, -0.3728, 2.2018, 0.4385, -1.1644, 0.2278
-0.0578, -1.0648, -0.3723, 2.1967, 0.4485, -1.1744, 0.2364
-0.0620, -1.0548, -0.3717, 2.1914, 0.4585, -1.1844, 0.2449
-0.0663, -1.0448, -0.3711, 2.1860, 0.4685, -1.1944, 0.2532
-0.0705, -1.0348, -0.3704, 2.1804, 0.4785, -1.2044, 0.2614
-0.0747, -1.0248, -0.3696, 2.1747, 0.4885, -1.2144, 0.2694
-0.0789, -1.0148, -0.3687, 2.1689, 0.4985, -1.2244, 0.2773
-0.0831, -1.0048, -0.3678, 2.1629, 0.5085, -1.2344, 0.2851
-0.0873, -0.9948, -0.3669, 2.1569, 0.5185, -1.2439, 0.2927
-0.0915, -0.9848, -0.3658, 2.1507, 0.5285, -1.2532, 0.3001
-0.0958, -0.9748, -0.3647, 2.1444, 0.5385, -1.2621, 0.3074
-0.1000, -0.9648, -0.3636, 2.1380, 0.5485, -1.2706, 0.3145
-0.1042, -0.9548, -0.3624, 2.1315, 0.5585, -1.2789, 0.3215
-0.1085, -0.9448, -0.3611, 2.1249, 0.5685, -1.2868, 0.3283
-0.1127, -0.9348, -0.3598, 2.1183, 0.5785, -1.2944, 0.3349
-0.1169, -0.9248, -0.3585, 2.1115, 0.5885, -1.3018, 0.3414
-0.1212, -0.9148, -0.3571, 2.1047, 0.5985, -1.3088, 0.3477
-0.1254, -0.9048, -0.3557, 2.0978, 0.6085, -1.3156, 0.3539
-0.1296, -0.8948, -0.3542, 2.0908, 0.6185, -1.3221, 0.3599
-0.1338, -0.8848, -0.3527, 2.0838, 0.6285, -1.3284, 0.3658
-0.1381, -0.8748, -0.3512, 2.0767, 0.6385, -1.3344, 0.3714
-0.1423, -0.8649, -0.3496, 2.0695, 0.6484, -1.3401, 0.3770
-0.1465, -0.8552, -0.3480, 2.0623, 0.6584, -1.3457, 0.3824
-0.1507, -0.8456, -0.3464, 2.0550, 0.6682, -1.3510, 0.3876
-0.1549, -0.8362, -0.3447, 2.0476, 0.6780, -1.3561, 0.3927
-0.1591, -0.8269, -0.3430, 2.0403, 0.6877, -1.3610, 0.3976
-0.1633, -0.8178, -0.3414, 2.0328, 0.6973, -1.3657, 0.4024
-0.1674, -0.8088, -0.3397, 2.0254, 0.7068, -1.3703, 0.4070
-0.1716, -0.7999, -0.3379, 2.0179, 0.7162, -1.3746, 0.4115
-0.1758, -0.7912, -0.3362, 2.0103, 0.7256, -1.3788, 0.4158
-0.1799, -0.7827, -0.3345, 2.0028, 0.7348, -1.3828, 0.4201
-0.1840, -0.7742, -0.3327, 1.9952, 0.7440, -1.3867, 0.4242
-0.1881, -0.7659, -0.3310, 1.9876, 0.7531, -1.3904, 0.4281
-0.1922, -0.7577, -0.3292, 1.9800, 0.7620, -1.3940, 0.4319
-0.1963, -0.7497, -0.3274, 1.9723, 0.7709, -1.3974, 0.4356
-0.2004, -0.7417, -0.3256, 1.9647, 0.7797, -1.4007, 0.4392
-0.2044, -0.7339, -0.3239, 1.9570, 0.7884, -1.4039, 0.4427
-0.2084, -0.7262, -0.3221, 1.9493, 0.7969, -1.4069, 0.4460
-0.2124, -0.7186, -0.3203, 1.9416, 0.8054, -1.4099, 0.4492
-0.2164, -0.7112, -0.3185, 1.9340, 0.8138, -1.4127, 0.4524
-0.2204, -0.7038, -0.3168, 1.9263, 0.8221, -1.4154, 0.4554
-0.2244, -0.6966, -0.3150, 1.9186, 0.8303, -1.4181, 0.4583
-0.2283, -0.6894, -0.3132, 1.9109, 0.8384, -1.4206, 0.4611
-0.2322, -0.6823, -0.3115, 1.9032, 0.8464, -1.4231, 0.4638
-0.2361, -0.6754, -0.3097, 1.8955, 0.8543, -1.4254, 0.4664
-0.2400, -0.6685, -0.3080, 1.8878, 0.8621, -1.4277, 0.4689
-0.2438, -0.6618, -0.3062, 1.8801, 0.8698, -1.4299, 0.4713
-0.2477, -0.6551, -0.3045, 1.8725, 0.8774, -1.4320, 0.4736
-0.2515, -0.6485, -0.3028, 1.8648, 0.8850, -1.4340, 0.4758
-0.2553, -0.6420, -0.3011, 1.8571, 0.8924, -1.4360, 0.4779
-0.2590, -0.6356, -0.2993, 1.8495, 0.8997, -1.4379, 0.4800
-0.2628, -0.6293, -0.2976, 1.8419, 0.9070, -1.4398, 0.4819
-0.2665, -0.6231, -0.2959, 1.8343, 0.9141, -1.4416, 0.4838
-0.2702, -0.6169, -0.2943, 1.8267, 0.9212, -1.4433, 0.4856
-0.2738, -0.6109, -0.2926, 1.8191, 0.9282, -1.4450, 0.4874
-0.2775, -0.6049, -0.2909, 1.8116, 0.9351, -1.4466, 0.4890
-0.2811, -0.5990, -0.2893, 1.8040, 0.9419, -1.4482, 0.4906
-0.2847, -0.5931, -0.2876, 1.7965, 0.9486, -1.4497, 0.4921
-0.2883, -0.5873, -0.2860, 1.7890, 0.9552, -1.4511, 0.4936
-0.2918, -0.5816, -0.2844, 1.7815, 0.9617, -1.4526, 0.4950
-0.2953, -0.5760, -0.2828, 1.7741, 0.9682, -1.4540, 0.4963
-0.2988, -0.5704, -0.2812, 1.7666, 0.9746, -1.4553, 0.4975
-0.3023, -0.5649, -0.2796, 1.7592, 0.9809, -1.4566, 0.4987
-0.3058, -0.5595, -0.2780, 1.7518, 0.9871, -1.4579, 0.4998
-0.3092, -0.5541, -0.2765, 1.7445, 0.9932, -1.4591, 0.5009
-0.3126, -0.5488, -0.2749, 1.7371, 0.9993, -1.4603, 0.5019
-0.3160, -0.5436, -0.2734, 1.7298, 1.0052, -1.4615, 0.5029
-0.3193, -0.5384, -0.2719, 1.7225, 1.0111, -1.4626, 0.5038
-0.3226, -0.5332, -0.2704, 1.7153, 1.0170, -1.4637, 0.5047
-0.3260, -0.5282, -0.2689, 1.7081, 1.0227, -1.4648, 0.5055
-0.3292, -0.5232, -0.2674, 1.7009, 1.0284, -1.4658, 0.5062
-0.3325, -0.5182, -0.2659, 1.6937, 1.0340, -1.4669, 0.5069
-0.3357, -0.5133, -0.2644, 1.6865, 1.0395, -1.4679, 0.5076
-0.3389, -0.5084, -0.2630, 1.6794, 1.0450, -1.4688, 0.5082
-0.3421, -0.5036, -0.2615, 1.6723, 1.0504, -1.4698, 0.5088
-0.3452, -0.4989, -0.2601, 1.6653, 1.0557, -1.4707, 0.5093
-0.3484, -0.4942, -0.2587, 1.6582, 1.0609, -1.4716, 0.5098
-0.3515, -0.4895, -0.2573, 1.6512, 1.0661, -1.4725, 0.5102
-0.3546, -0.4849, -0.2559, 1.6443, 1.0712, -1.4734, 0.5106
-0.3576, -0.4804, -0.2545, 1.6373, 1.0763, -1.4742, 0.5110
-0.3607, -0.4758, -0.2532, 1.6304, 1.0813, -1.4750, 0.5113
-0.3637, -0.4714, -0.2518, 1.6235, 1.0862, -1.4758, 0.5116
-0.3666, -0.4670, -0.2505, 1.6167, 1.0910, -1.4766, 0.5119
-0.3696, -0.4626, -0.2491, 1.6099, 1.0958, -1.4774, 0.5121
-0.3725, -0.4582, -0.2478, 1.6031, 1.1006, -1.4782, 0.5123
-0.3754, -0.4539, -0.2465, 1.5963, 1.1052, -1.4789, 0.5124
-0.3783, -0.4497, -0.2452, 1.5896, 1.1099, -1.4797, 0.5126
-0.3812, -0.4455, -0.2439, 1.5829, 1.1144, -1.4804, 0.5127
-0.3840, -0.4413, -0.2426, 1.5762, 1.1189, -1.4811, 0.5127
-0.3869, -0.4372, -0.2414, 1.5696, 1.1233, -1.4818, 0.5128
-0.3896, -0.4331, -0.2401, 1.5630, 1.1277, -1.4825, 0.5128
-0.3924, -0.4290, -0.2389, 1.5564, 1.1321, -1.4831, 0.5128
-0.3952, -0.4250, -0.2376, 1.5499, 1.1363, -1.4838, 0.5127
-0.3979, -0.4210, -0.2364, 1.5434, 1.1405, -1.4845, 0.5127
-0.4006, -0.4171, -0.2352, 1.5369, 1.1447, -1.4851, 0.5126
-0.4033, -0.4132, -0.2340, 1.5305, 1.1488, -1.4857, 0.5124
-0.4059, -0.4093, -0.2328, 1.5241, 1.1529, -1.4863, 0.5123
-0.4085, -0.4054, -0.2316, 1.5177, 1.1569, -1.4869, 0.5121
-0.4111, -0.4016, -0.2305, 1.5114, 1.1608, -1.4875, 0.5119
-0.4137, -0.3979, -0.2293, 1.5051, 1.1648, -1.4881, 0.5117
-0.4163, -0.3941, -0.2282, 1.4988, 1.1686, -1.4887, 0.5115
-0.4188, -0.3904, -0.2270, 1.4926, 1.1724, -1.4893, 0.5112
-0.4214, -0.3867, -0.2259, 1.4864, 1.1762, -1.4899, 0.5110
-0.4239, -0.3831, -0.2248, 1.4802, 1.1799, -1.4904, 0.5107
-0.4263, -0.3795, -0.2237, 1.4740, 1.1836, -1.4910, 0.5104
-0.4288, -0.3759, -0.2226, 1.4679, 1.1872, -1.4915, 0.5100
-0.4312, -0.3723, -0.2215, 1.4618, 1.1908, -1.4921, 0.5097
-0.4336, -0.3688, -0.2204, 1.4558, 1.1943, -1.4926, 0.5093
-0.4360, -0.3653, -0.2194, 1.4498, 1.1978, -1.4931, 0.5089
-0.4384, -0.3618, -0.2183, 1.4438, 1.2012, -1.4936, 0.5086
-0.4407, -0.3584, -0.2173, 1.4378, 1.2046, -1.4942, 0.5081
-0.4431, -0.3550, -0.2162, 1.4319, 1.2080, -1.4947, 0.5077
-0.4454, -0.3516, -0.2152, 1.4260, 1.2113, -1.4952, 0.5073
-0.4476, -0.3482, -0.2142, 1.4202, 1.2146, -1.4957, 0.5068
-0.4499, -0.3449, -0.2132, 1.4143, 1.2178, -1.4961, 0.5063
-0.4522, -0.3416, -0.2122, 1.4085, 1.2210, -1.4966, 0.5059
-0.4544, -0.3383, -0.2112, 1.4028, 1.2242, -1.4971, 0.5054
-0.4566, -0.3351, -0.2102, 1.3970, 1.2273, -1.4976, 0.5048
-0.4588, -0.3318, -0.2092, 1.3913, 1.2304, -1.4981, 0.5043
-0.4609, -0.3286, -0.2083, 1.3857, 1.2334, -1.4985, 0.5038
-0.4631, -0.3255, -0.2073, 1.3800, 1.2364, -1.4990, 0.5032
-0.4652, -0.3223, -0.2064, 1.3744, 1.2394, -1.4994, 0.5027
-0.4673, -0.3192, -0.2054, 1.3688, 1.2423, -1.4999, 0.5021
-0.4694, -0.3161, -0.2045, 1.3633, 1.2452, -1.5003, 0.5015
-0.4715, -0.3130, -0.2036, 1.3578, 1.2481, -1.5008, 0.5009
-0.4735, -0.3099, -0.2027, 1.3523, 1.2509, -1.5012, 0.5003
-0.4755, -0.3069, -0.2018, 1.3468, 1.2537, -1.5017, 0.4997
-0.4776, -0.3039, -0.2009, 1.3414, 1.2565, -1.5021, 0.4991
-0.4795, -0.3009, -0.2000, 1.3360, 1.2592, -1.5025, 0.4985
-0.4815, -0.2979, -0.1991, 1.3306, 1.2619, -1.5029, 0.4978
-0.4835, -0.2950, -0.1982, 1.3253, 1.2645, -1.5034, 0.4972
-0.4854, -0.2921, -0.1974, 1.3200, 1.2672, -1.5038, 0.4965
-0.4873, -0.2892, -0.1965, 1.3147, 1.2698, -1.5042, 0.4959
-0.4892, -0.2863, -0.1957, 1.3095, 1.2723, -1.5046, 0.4952
-0.4911, -0.2834, -0.1948, 1.3043, 1.2749, -1.5050, 0.4945
-0.4930, -0.2806, -0.1940, 1.2991, 1.2774, -1.5054, 0.4938
-0.4948, -0.2778, -0.1932, 1.2939, 1.2798, -1.5058, 0.4931
-0.4967, -0.2750, -0.1924, 1.2888, 1.2823, -1.5062, 0.4924
-0.4985, -0.2722, -0.1916, 1.2837, 1.2847, -1.5066, 0.4917
-0.5003, -0.2694, -0.1908, 1.2786, 1.2871, -1.5070, 0.4910
-0.5021, -0.2667, -0.1900, 1.2736, 1.2894, -1.5074, 0.4903
-0.5038, -0.2640, -0.1892, 1.2686, 1.2917, -1.5078, 0.4896
-0.5056, -0.2613, -0.1884, 1.2636, 1.2940, -1.5082, 0.4888
-0.5073, -0.2586, -0.1876, 1.2586, 1.2963, -1.5085, 0.4881
-0.5090, -0.2559, -0.1869, 1.2537, 1.2986, -1.5089, 0.4874
-0.5107, -0.2533, -0.1861, 1.2488, 1.3008, -1.5093, 0.4866
-0.5124, -0.2506, -0.1853, 1.2440, 1.3030, -1.5097, 0.4859
-0.5141, -0.2480, -0.1846, 1.2391, 1.3051, -1.5100, 0.4851
-0.5157, -0.2455, -0.1839, 1.2343, 1.3073, -1.5104, 0.4843
-0.5174, -0.2429, -0.1831, 1.2295, 1.3094, -1.5108, 0.4836
-0.5190, -0.2403, -0.1824, 1.2248, 1.3115, -1.5111, 0.4828
-0.5206, -0.2378, -0.1817, 1.2200, 1.3135, -1.5115, 0.4820
-0.5222, -0.2353, -0.1810, 1.2153, 1.3156, -1.5118, 0.4813
-0.5238, -0.2328, -0.1803, 1.2106, 1.3176, -1.5122, 0.4805
-0.5253, -0.2303, -0.1796, 1.2060, 1.3196, -1.5125, 0.4797
-0.5269, -0.2278, -0.1789, 1.2014, 1.3215, -1.5129, 0.4789
-0.5284, -0.2254, -0.1782, 1.1968, 1.3235, -1.5132, 0.4781
-0.5299, -0.2230, -0.1775, 1.1922, 1.3254, -1.5136, 0.4773
-0.5314, -0.2205, -0.1769, 1.1877, 1.3273, -1.5139, 0.4765
-0.5329, -0.2181, -0.1762, 1.1832, 1.3292, -1.5142, 0.4757
-0.5344, -0.2158, -0.1756, 1.1787, 1.3310, -1.5146, 0.4749
-0.5358, -0.2134, -0.1749, 1.1742, 1.3329, -1.5149, 0.4741
-0.5373, -0.2110, -0.1743, 1.1698, 1.3347, -1.5152, 0.4733
-0.5387, -0.2087, -0.1736, 1.1654, 1.3365, -1.5156, 0.4725
-0.5401, -0.2064, -0.1730, 1.1610, 1.3382, -1.5159, 0.4717
-0.5415, -0.2041, -0.1724, 1.1566, 1.3400, -1.5162, 0.4709
-0.5429, -0.2018, -0.1717, 1.1523, 1.3417, -1.5165, 0.4701
-0.5443, -0.1995, -0.1711, 1.1480, 1.3434, -1.5168, 0.4692
-0.5457, -0.1973, -0.1705, 1.1437, 1.3451, -1.5172, 0.4684
-0.5470, -0.1950, -0.1699, 1.1394, 1.3468, -1.5175, 0.4676
-0.5484, -0.1928, -0.1693, 1.1352, 1.3484, -1.5178, 0.4668
-0.5497, -0.1906, -0.1687, 1.1310, 1.3501, -1.5181, 0.4660
-0.5510, -0.1884, -0.1681, 1.1268, 1.3517, -1.5184, 0.4651
-0.5523, -0.1862, -0.1675, 1.1227, 1.3533, -1.5187, 0.4643
-0.5536, -0.1840, -0.1670, 1.1185, 1.3548, -1.5190, 0.4635
-0.5549, -0.1819, -0.1664, 1.1144, 1.3564, -1.5193, 0.4627
-0.5561, -0.1797, -0.1658, 1.1103, 1.3579, -1.5196, 0.4618
-0.5574, -0.1776, -0.1653, 1.1063, 1.3594, -1.5199, 0.4610
-0.5586, -0.1755, -0.1647, 1.1023, 1.3609, -1.5202, 0.4602
-0.5599, -0.1734, -0.1642, 1.0982, 1.3624, -1.5205, 0.4593
-0.5611, -0.1713, -0.1636, 1.0943, 1.3639, -1.5208, 0.4585
-0.5623, -0.1692, -0.1631, 1.0903, 1.3654, -1.5211, 0.4577
-0.5635, -0.1672, -0.1626, 1.0864, 1.3668, -1.5214, 0.4569
-0.5647, -0.1651, -0.1620, 1.0824, 1.3682, -1.5216, 0.4560
-0.5658, -0.1631, -0.1615, 1.0786, 1.3696, -1.5219, 0.4552
-0.5670, -0.1611, -0.1610, 1.0747, 1.3710, -1.5222, 0.4544
-0.5681, -0.1591, -0.1605, 1.0708, 1.3724, -1.5225, 0.4535
-0.5693, -0.1571, -0.1600, 1.0670, 1.3737, -1.5228, 0.4527
-0.5704, -0.1551, -0.1595, 1.0632, 1.3751, -1.5230, 0.4519
-0.5715, -0.1532, -0.1590, 1.0595, 1.3764, -1.5233, 0.4510
-0.5726, -0.1512, -0.1585, 1.0557, 1.3777, -1.5236, 0.4502
-0.5737, -0.1493, -0.1580, 1.0520, 1.3790, -1.5238, 0.4494
-0.5748, -0.1474, -0.1575, 1.0483, 1.3803, -1.5241, 0.4485
-0.5759, -0.1454, -0.1570, 1.0446, 1.3815, -1.5244, 0.4477
-0.5769, -0.1435, -0.1565, 1.0409, 1.3828, -1.5246, 0.4469
-0.5780, -0.1416, -0.1561, 1.0373, 1.3840, -1.5249, 0.4460
-0.5790, -0.1398, -0.1556, 1.0337, 1.3852, -1.5252, 0.4452
-0.5800, -0.1379, -0.1551, 1.0301, 1.3864, -1.5254, 0.4444
-0.5811, -0.1361, -0.1547, 1.0265, 1.3876, -1.5257, 0.4436
-0.5821, -0.1342, -0.1542, 1.0229, 1.3888, -1.5259, 0.4427
-0.5831, -0.1324, -0.1538, 1.0194, 1.3900, -1.5262, 0.4419
-0.5841, -0.1306, -0.1533, 1.0159, 1.3911, -1.5264, 0.4411
-0.5850, -0.1288, -0.1529, 1.0124, 1.3923, -1.5267, 0.4403
-0.5860, -0.1270, -0.1525, 1.0089, 1.3934, -1.5269, 0.4395
-0.5870, -0.1252, -0.1520, 1.0055, 1.3945, -1.5272, 0.4386
-0.5879, -0.1234, -0.1516, 1.0021, 1.3956, -1.5274, 0.4378
-0.5889, -0.1217, -0.1512, 0.9987, 1.3967, -1.5276, 0.4370
-0.5898, -0.1199, -0.1508, 0.9953, 1.3978, -1.5279, 0.4362
-0.5907, -0.1182, -0.1504, 0.9919, 1.3989, -1.5281, 0.4354
-0.5917, -0.1165, -0.1499, 0.9886, 1.3999, -1.5284, 0.4346
-0.5926, -0.1148, -0.1495, 0.9853, 1.4010, -1.5286, 0.4337
-0.5935, -0.1131, -0.1491, 0.9820, 1.4020, -1.5288, 0.4329
-0.5944, -0.1114, -0.1487, 0.9787, 1.4030, -1.5290, 0.4321
-0.5952, -0.1097, -0.1483, 0.9754, 1.4040, -1.5293, 0.4313
-0.5961, -0.1080, -0.1479, 0.9722, 1.4050, -1.5295, 0.4305
-0.5970, -0.1064, -0.1476, 0.9690, 1.4060, -1.5297, 0.4297
-0.5978, -0.1047, -0.1472, 0.9658, 1.4070, -1.5300, 0.4289
-0.5987, -0.1031, -0.1468, 0.9626, 1.4079, -1.5302, 0.4281
-0.5995, -0.1015, -0.1464, 0.9594, 1.4089, -1.5304, 0.4273
-0.6004, -0.0998, -0.1460, 0.9563, 1.4098, -1.5306, 0.4265
-0.6012, -0.0982, -0.1457, 0.9532, 1.4108, -1.5308, 0.4257
-0.6020, -0.0967, -0.1453, 0.9501, 1.4117, -1.5310, 0.4249
-0.6028, -0.0951, -0.1450, 0.9470, 1.4126, -1.5313, 0.4241
-0.6036, -0.0935, -0.1446, 0.9439, 1.4135, -1.5315, 0.4233
-0.6044, -0.0919, -0.1442, 0.9409, 1.4144, -1.5317, 0.4225
-0.6052, -0.0904, -0.1439, 0.9379, 1.4153, -1.5319, 0.4218
-0.6060, -0.0888, -0.1435, 0.9349, 1.4161, -1.5321, 0.4210
-0.6067, -0.0873, -0.1432, 0.9319, 1.4170, -1.5323, 0.4202
-0.6075, -0.0858, -0.1429, 0.9289, 1.4179, -1.5325, 0.4194
-0.6082, -0.0843, -0.1425, 0.9260, 1.4187, -1.5327, 0.4186
-0.6090, -0.0828, -0.1422, 0.9231, 1.4195, -1.5329, 0.4179
-0.6097, -0.0813, -0.1419, 0.9201, 1.4204, -1.5331, 0.4171
-0.6105, -0.0798, -0.1415, 0.9173, 1.4212, -1.5333, 0.4163
-0.6112, -0.0783, -0.1412, 0.9144, 1.4220, -1.5335, 0.4156
-0.6119, -0.0769, -0.1409, 0.9115, 1.4228, -1.5337, 0.4148
-0.6126, -0.0754, -0.1406, 0.9087, 1.4236, -1.5339, 0.4140
-0.6133, -0.0740, -0.1403, 0.9059, 1.4244, -1.5341, 0.4133
-0.6140, -0.0725, -0.1399, 0.9031, 1.4251, -1.5343, 0.4125
-0.6147, -0.0711, -0.1396, 0.9003, 1.4259, -1.5344, 0.4118
-0.6154, -0.0697, -0.1393, 0.8975, 1.4266, -1.5346, 0.4110
-0.6161, -0.0683, -0.1390, 0.8948, 1.4274, -1.5348, 0.4102
-0.6167, -0.0669, -0.1387, 0.8920, 1.4281, -1.5350, 0.4095
-0.6174, -0.0655, -0.1384, 0.8893, 1.4289, -1.5352, 0.4088
-0.6181, -0.0641, -0.1381, 0.8866, 1.4296, -1.5354, 0.4080
-0.6187, -0.0628, -0.1378, 0.8840, 1.4303, -1.5355, 0.4073
-0.6194, -0.0614, -0.1376, 0.8813, 1.4310, -1.5357, 0.4065
-0.6200, -0.0601, -0.1373, 0.8787, 1.4317, -1.5359, 0.4058
-0.6206, -0.0587, -0.1370, 0.8760, 1.4324, -1.5361, 0.4051
-0.6213, -0.0574, -0.1367, 0.8734, 1.4331, -1.5362, 0.4043
-0.6219, -0.0561, -0.1364, 0.8708, 1.4338, -1.5364, 0.4036
-0.6225, -0.0547, -0.1362, 0.8683, 1.4344, -1.5366, 0.4029
-0.6231, -0.0534, -0.1359, 0.8657, 1.4351, -1.5368, 0.4021
-0.6237, -0.0521, -0.1356, 0.8632, 1.4358, -1.5369, 0.4014
-0.6243, -0.0508, -0.1354, 0.8606, 1.4364, -1.5371, 0.4007
-0.6249, -0.0496, -0.1351, 0.8581, 1.4370, -1.5373, 0.4000
-0.6255, -0.0483, -0.1348, 0.8556, 1.4377, -1.5374, 0.3993
-0.6261, -0.0470, -0.1346, 0.8531, 1.4383, -1.5376, 0.3986
-0.6266, -0.0458, -0.1343, 0.8507, 1.4389, -1.5377, 0.3979
-0.6272, -0.0445, -0.1341, 0.8482, 1.4395, -1.5379, 0.3972
-0.6278, -0.0433, -0.1338, 0.8458, 1.4401, -1.5381, 0.3965
-0.6283, -0.0421, -0.1336, 0.8434, 1.4407, -1.5382, 0.3958
-0.6289, -0.0408, -0.1333, 0.8410, 1.4413, -1.5384, 0.3951
-0.6294, -0.0396, -0.1331, 0.8386, 1.4419, -1.5385, 0.3944
-0.6300, -0.0384, -0.1328, 0.8363, 1.4425, -1.5387, 0.3937
-0.6305, -0.0372, -0.1326, 0.8339, 1.4431, -1.5388, 0.3930
-0.6310, -0.0360, -0.1324, 0.8316, 1.4437, -1.5390, 0.3923
-0.6316, -0.0349, -0.1321, 0.8293, 1.4442, -1.5391, 0.3916
-0.6321, -0.0337, -0.1319, 0.8270, 1.4448, -1.5393, 0.3910
-0.6326, -0.0325, -0.1317, 0.8247, 1.4453, -1.5394, 0.3903
-0.6331, -0.0314, -0.1315, 0.8224, 1.4459, -1.5396, 0.3896
-0.6336, -0.0302, -0.1312, 0.8201, 1.4464, -1.5397, 0.3889
-0.6341, -0.0291, -0.1310, 0.8179, 1.4470, -1.5399, 0.3883
-0.6346, -0.0279, -0.1308, 0.8157, 1.4475, -1.5400, 0.3876
-0.6351, -0.0268, -0.1306, 0.8135, 1.4480, -1.5401, 0.3869
-0.6356, -0.0257, -0.1304, 0.8113, 1.4485, -1.5403, 0.3863
-0.6361, -0.0246, -0.1302, 0.8091, 1.4490, -1.5404, 0.3856
-0.6365, -0.0235, -0.1299, 0.8069, 1.4495, -1.5406, 0.3850
-0.6370, -0.0224, -0.1297, 0.8048, 1.4500, -1.5407, 0.3843
-0.6375, -0.0213, -0.1295, 0.8026, 1.4505, -1.5408, 0.3837
-0.6380, -0.0202, -0.1293, 0.8005, 1.4510, -1.5410, 0.3830
-0.6384, -0.0191, -0.1291, 0.7984, 1.4515, -1.5411, 0.3824
-0.6389, -0.0181, -0.1289, 0.7963, 1.4520, -1.5412, 0.3818
-0.6393, -0.0170, -0.1287, 0.7942, 1.4525, -1.5413, 0.3811
-0.6398, -0.0160, -0.1285, 0.7921, 1.4529, -1.5415, 0.3805
-0.6402, -0.0149, -0.1283, 0.7901, 1.4534, -1.5416, 0.3799
-0.6406, -0.0139, -0.1281, 0.7880, 1.4539, -1.5417, 0.3792
-0.6411, -0.0129, -0.1280, 0.7860, 1.4543, -1.5419, 0.3786
-0.6415, -0.0118, -0.1278, 0.7840, 1.4548, -1.5420, 0.3780
-0.6419, -0.0108, -0.1276, 0.7820, 1.4552, -1.5421, 0.3774
-0.6423, -0.0098, -0.1274, 0.7800, 1.4556, -1.5422, 0.3768
-0.6428, -0.0088, -0.1272, 0.7781, 1.4561, -1.5423, 0.3761
-0.6432, -0.0078, -0.1270, 0.7761, 1.4565, -1.5425, 0.3755
-0.6436, -0.0068, -0.1269, 0.7742, 1.4569, -1.5426, 0.3749
-0.6440, -0.0058, -0.1267, 0.7722, 1.4574, -1.5427, 0.3743
-0.6444, -0.0049, -0.1265, 0.7703, 1.4578, -1.5428, 0.3737
-0.6448, -0.0039, -0.1263, 0.7684, 1.4582, -1.5429, 0.3731
-0.6452, -0.0029, -0.1262, 0.7665, 1.4586, -1.5431, 0.3725
-0.6456, -0.0020, -0.1260, 0.7646, 1.4590, -1.5432, 0.3720
-0.6460, -0.0010, -0.1258, 0.7628, 1.4594, -1.5433, 0.3714
-0.6463, -0.0001, -0.1257, 0.7609, 1.4598, -1.5434, 0.3708
-0.6467, 0.0008, -0.1255, 0.7591, 1.4602, -1.5435, 0.3702
-0.6471, 0.0018, -0.1253, 0.7573, 1.4606, -1.5436, 0.3696
-0.6475, 0.0027, -0.1252, 0.7554, 1.4610, -1.5437, 0.3691
-0.6478, 0.0036, -0.1250, 0.7536, 1.4614, -1.5438, 0.3685
-0.6482, 0.0045, -0.1248, 0.7519, 1.4617, -1.5439, 0.3679
-0.6485, 0.0054, -0.1247, 0.7501, 1.4621, -1.5440, 0.3673
-0.6489, 0.0063, -0.1245, 0.7483, 1.4625, -1.5441, 0.3668
-0.6493, 0.0072, -0.1244, 0.7466, 1.4628, -1.5443, 0.3662
-0.6496, 0.0081, -0.1242, 0.7448, 1.4632, -1.5444, 0.3657
-0.6499, 0.0089, -0.1241, 0.7431, 1.4635, -1.5445, 0.3651
-0.6503, 0.0098, -0.1239, 0.7414, 1.4639, -1.5446, 0.3646
-0.6506, 0.0107, -0.1238, 0.7397, 1.4643, -1.5447, 0.3640
-0.6510, 0.0115, -0.1236, 0.7380, 1.4646, -1.5448, 0.3635
-0.6513, 0.0124, -0.1235, 0.7363, 1.4649, -1.5449, 0.3629
-0.6516, 0.0132, -0.1234, 0.7347, 1.4653, -1.5450, 0.3624
-0.6520, 0.0141, -0.1232, 0.7330, 1.4656, -1.5451, 0.3619
-0.6523, 0.0149, -0.1231, 0.7314, 1.4659, -1.5451, 0.3613
-0.6526, 0.0157, -0.1229, 0.7297, 1.4663, -1.5452, 0.3608
-0.6529, 0.0165, -0.1228, 0.7281, 1.4666, -1.5453, 0.3603
-0.6532, 0.0173, -0.1227, 0.7265, 1.4669, -1.5454, 0.3597
-0.6535, 0.0182, -0.1225, 0.7249, 1.4672, -1.5455, 0.3592
-0.6539, 0.0190, -0.1224, 0.7233, 1.4676, -1.5456, 0.3587
-0.6542, 0.0198, -0.1223, 0.7218, 1.4679, -1.5457, 0.3582
-0.6545, 0.0205, -0.1221, 0.7202, 1.4682, -1.5458, 0.3577
-0.6548, 0.0213, -0.1220, 0.7187, 1.4685, -1.5459, 0.3572
-0.6551, 0.0221, -0.1219, 0.7171, 1.4688, -1.5460, 0.3567
-0.6553, 0.0229, -0.1218, 0.7156, 1.4691, -1.5461, 0.3562
-0.6556, 0.0237, -0.1216, 0.7141, 1.4694, -1.5461, 0.3557
-0.6559, 0.0244, -0.1215, 0.7126, 1.4697, -1.5462, 0.3552
-0.6562, 0.0252, -0.1214, 0.7111, 1.4700, -1.5463, 0.3547
-0.6565, 0.0259, -0.1213, 0.7096, 1.4702, -1.5464, 0.3542
-0.6568, 0.0267, -0.1211, 0.7081, 1.4705, -1.5465, 0.3537
-0.6570, 0.0274, -0.1210, 0.7067, 1.4708, -1.5466, 0.3532
-0.6573, 0.0281, -0.1209, 0.7052, 1.4711, -1.5467, 0.3527
-0.6576, 0.0289, -0.1208, 0.7038, 1.4714, -1.5467, 0.3522
-0.6579, 0.0296, -0.1207, 0.7024, 1.4716, -1.5468, 0.3518
-0.6581, 0.0303, -0.1206, 0.7009, 1.4719, -1.5469, 0.3513
-0.6584, 0.0310, -0.1205, 0.6995, 1.4722, -1.5470, 0.3508
-0.6587, 0.0317, -0.1203, 0.6981, 1.4724, -1.5471, 0.3504
-0.6589, 0.0324, -0.1202, 0.6967, 1.4727, -1.5471, 0.3499
-0.6592, 0.0331, -0.1201, 0.6954, 1.4729, -1.5472, 0.3494
-0.6594, 0.0338, -0.1200, 0.6940, 1.4732, -1.5473, 0.3490
-0.6597, 0.0345, -0.1199, 0.6926, 1.4735, -1.5474, 0.3485
-0.6599, 0.0352, -0.1198, 0.6913, 1.4737, -1.5474, 0.3481
-0.6602, 0.0359, -0.1197, 0.6900, 1.4740, -1.5475, 0.3476
-0.6604, 0.0365, -0.1196, 0.6886, 1.4742, -1.5476, 0.3472
-0.6607, 0.0372, -0.1195, 0.6873, 1.4744, -1.5477, 0.3467
-0.6609, 0.0379, -0.1194, 0.6860, 1.4747, -1.5477, 0.3463
-0.6611, 0.0385, -0.1193, 0.6847, 1.4749, -1.5478, 0.3458
-0.6614, 0.0392, -0.1192, 0.6834, 1.4752, -1.5479, 0.3454
-0.6616, 0.0398, -0.1191, 0.6822, 1.4754, -1.5479, 0.3450
-0.6618, 0.0405, -0.1190, 0.6809, 1.4756, -1.5480, 0.3445
-0.6621, 0.0411, -0.1189, 0.6796, 1.4758, -1.5481, 0.3441
-0.6623, 0.0417, -0.1188, 0.6784, 1.4761, -1.5481, 0.3437
-0.6625, 0.0424, -0.1187, 0.6771, 1.4763, -1.5482, 0.3433
-0.6627, 0.0430, -0.1186, 0.6759, 1.4765, -1.5483, 0.3428
-0.6629, 0.0436, -0.1185, 0.6747, 1.4767, -1.5483, 0.3424
-0.6632, 0.0442, -0.1184, 0.6735, 1.4770, -1.5484, 0.3420
-0.6634, 0.0448, -0.1184, 0.6723, 1.4772, -1.5485, 0.3416
-0.6636, 0.0454, -0.1183, 0.6711, 1.4774, -1.5485, 0.3412
-0.6638, 0.0460, -0.1182, 0.6699, 1.4776, -1.5486, 0.3408
-0.6640, 0.0466, -0.1181, 0.6687, 1.4778, -1.5487, 0.3404
-0.6642, 0.0472, -0.1180, 0.6676, 1.4780, -1.5487, 0.3400
-0.6644, 0.0478, -0.1179, 0.6664, 1.4782, -1.5488, 0.3396
-0.6646, 0.0484, -0.1178, 0.6653, 1.4784, -1.5488, 0.3392
-0.6648, 0.0489, -0.1177, 0.6641, 1.4786, -1.5489, 0.3388
-0.6993, 0.1138, -0.0706, 0.5330, 1.4562, -1.5637, 0.2897
-0.6995, 0.1038, -0.0759, 0.5430, 1.4486, -1.5565, 0.2980
-0.6997, 0.0938, -0.0812, 0.5530, 1.4411, -1.5494, 0.3058
-0.6998, 0.0838, -0.0866, 0.5630, 1.4336, -1.5424, 0.3130
-0.6998, 0.0738, -0.0920, 0.5730, 1.4262, -1.5354, 0.3197
-0.6998, 0.0638, -0.0974, 0.5830, 1.4187, -1.5284, 0.3260
-0.6997, 0.0538, -0.1028, 0.5930, 1.4112, -1.5215, 0.3319
-0.6996, 0.0438, -0.1082, 0.6030, 1.4038, -1.5148, 0.3374
-0.6993, 0.0339, -0.1137, 0.6134, 1.3972, -1.5118, 0.3437
-0.6989, 0.0239, -0.1191, 0.6239, 1.3906, -1.5090, 0.3496
-0.6984, 0.0140, -0.1245, 0.6345, 1.3840, -1.5064, 0.3550
-0.6979, 0.0040, -0.1300, 0.6451, 1.3776, -1.5038, 0.3601
-0.6974, -0.0060, -0.1354, 0.6559, 1.3711, -1.5014, 0.3648
-0.6968, -0.0161, -0.1408, 0.6667, 1.3647, -1.4989, 0.3691
-0.6962, -0.0261, -0.1461, 0.6776, 1.3584, -1.4965, 0.3730
-0.6955, -0.0360, -0.1515, 0.6885, 1.3520, -1.4941, 0.3765
-0.6948, -0.0455, -0.1568, 0.6995, 1.3457, -1.4915, 0.3797
-0.6941, -0.0546, -0.1621, 0.7106, 1.3394, -1.4889, 0.3826
-0.6934, -0.0635, -0.1674, 0.7217, 1.3330, -1.4861, 0.3852
-0.6927, -0.0720, -0.1727, 0.7328, 1.3266, -1.4832, 0.3875
-0.6918, -0.0801, -0.1779, 0.7444, 1.3205, -1.4808, 0.3894
-0.6908, -0.0879, -0.1830, 0.7569, 1.3150, -1.4808, 0.3911
-0.6897, -0.0955, -0.1881, 0.7692, 1.3094, -1.4802, 0.3927
-0.6889, -0.1030, -0.1933, 0.7805, 1.3030, -1.4768, 0.3941
-0.6884, -0.1101, -0.1983, 0.7908, 1.2959, -1.4706, 0.3954
-0.6880, -0.1169, -0.2033, 0.8008, 1.2885, -1.4635, 0.3967
-0.6874, -0.1236, -0.2083, 0.8111, 1.2814, -1.4573, 0.3978
-0.6867, -0.1302, -0.2133, 0.8221, 1.2747, -1.4528, 0.3987
-0.6860, -0.1366, -0.2183, 0.8330, 1.2680, -1.4481, 0.3995
-0.6853, -0.1429, -0.2232, 0.8439, 1.2612, -1.4433, 0.4002
-0.6846, -0.1489, -0.2282, 0.8547, 1.2543, -1.4382, 0.4009
-0.6840, -0.1548, -0.2330, 0.8654, 1.2475, -1.4330, 0.4015
-0.6833, -0.1605, -0.2379, 0.8761, 1.2405, -1.4276, 0.4021
-0.6827, -0.1660, -0.2427, 0.8868, 1.2335, -1.4221, 0.4026
-0.6821, -0.1714, -0.2475, 0.8973, 1.2265, -1.4164, 0.4031
-0.6815, -0.1766, -0.2522, 0.9077, 1.2194, -1.4106, 0.4035
-0.6810, -0.1816, -0.2570, 0.9178, 1.2123, -1.4048, 0.4040
-0.6804, -0.1866, -0.2616, 0.9276, 1.2052, -1.3989, 0.4044
-0.6799, -0.1914, -0.2663, 0.9371, 1.1981, -1.3931, 0.4047
-0.6793, -0.1961, -0.2709, 0.9463, 1.1909, -1.3873, 0.4051
-0.6788, -0.2007, -0.2755, 0.9553, 1.1838, -1.3814, 0.4054
-0.6783, -0.2052, -0.2801, 0.9639, 1.1766, -1.3756, 0.4057
-0.6777, -0.2096, -0.2846, 0.9724, 1.1695, -1.3698, 0.4061
-0.6772, -0.2139, -0.2891, 0.9805, 1.1623, -1.3639, 0.4064
-0.6767, -0.2180, -0.2936, 0.9885, 1.1552, -1.3581, 0.4067
-0.6763, -0.2221, -0.2980, 0.9962, 1.1480, -1.3523, 0.4070
-0.6758, -0.2261, -0.3024, 1.0037, 1.1409, -1.3464, 0.4073
-0.6753, -0.2300, -0.3068, 1.0109, 1.1337, -1.3406, 0.4076
-0.6749, -0.2338, -0.3111, 1.0180, 1.1265, -1.3348, 0.4079
-0.6744, -0.2375, -0.3154, 1.0248, 1.1194, -1.3290, 0.4082
-0.6740, -0.2412, -0.3197, 1.0315, 1.1122, -1.3232, 0.4085
-0.6736, -0.2447, -0.3239, 1.0379, 1.1051, -1.3174, 0.4089
-0.6732, -0.2482, -0.3281, 1.0442, 1.0979, -1.3117, 0.4092
-0.6728, -0.2517, -0.3322, 1.0502, 1.0908, -1.3059, 0.4096
-0.6724, -0.2550, -0.3364, 1.0561, 1.0836, -1.3002, 0.4100
-0.6721, -0.2583, -0.3405, 1.0618, 1.0765, -1.2945, 0.4103
-0.6717, -0.2615, -0.3445, 1.0674, 1.0694, -1.2888, 0.4107
-0.6714, -0.2646, -0.3485, 1.0727, 1.0622, -1.2831, 0.4112
-0.6711, -0.2677, -0.3525, 1.0779, 1.0551, -1.2774, 0.4116
-0.6708, -0.2707, -0.3565, 1.0830, 1.0480, -1.2718, 0.4120
-0.6705, -0.2736, -0.3604, 1.0879, 1.0409, -1.2661, 0.4125
-0.6702, -0.2765, -0.3643, 1.0926, 1.0339, -1.2605, 0.4130
-0.6701, -0.2792, -0.3681, 1.0969, 1.0267, -1.2547, 0.4136
-0.6699, -0.2819, -0.3718, 1.1012, 1.0195, -1.2489, 0.4143
-0.6697, -0.2845, -0.3756, 1.1053, 1.0124, -1.2431, 0.4149
-0.6696, -0.2871, -0.3793, 1.1092, 1.0053, -1.2374, 0.4156
-0.6694, -0.2896, -0.3830, 1.1131, 0.9982, -1.2317, 0.4163
-0.6693, -0.2921, -0.3866, 1.1168, 0.9911, -1.2261, 0.4170
-0.6692, -0.2945, -0.3902, 1.1204, 0.9841, -1.2205, 0.4177
-0.6691, -0.2969, -0.3938, 1.1239, 0.9770, -1.2149, 0.4184
-0.6690, -0.2992, -0.3973, 1.1273, 0.9700, -1.2094, 0.4191
-0.6689, -0.3015, -0.4008, 1.1306, 0.9631, -1.2040, 0.4199
-0.6688, -0.3038, -0.4043, 1.1337, 0.9561, -1.1986, 0.4207
-0.6687, -0.3060, -0.4077, 1.1368, 0.9492, -1.1932, 0.4215
-0.6686, -0.3081, -0.4111, 1.1397, 0.9423, -1.1879, 0.4223
-0.6686, -0.3103, -0.4144, 1.1426, 0.9354, -1.1826, 0.4231
-0.6685, -0.3123, -0.4178, 1.1453, 0.9285, -1.1774, 0.4239
-0.6685, -0.3144, -0.4211, 1.1480, 0.9217, -1.1722, 0.4248
-0.6685, -0.3164, -0.4243, 1.1506, 0.9149, -1.1670, 0.4257
-0.6685, -0.3183, -0.4275, 1.1531, 0.9082, -1.1619, 0.4265
-0.6685, -0.3203, -0.4307, 1.1554, 0.9014, -1.1568, 0.4274
-0.6685, -0.3222, -0.4339, 1.1577, 0.8947, -1.1518, 0.4284
-0.6685, -0.3240, -0.4370, 1.1600, 0.8880, -1.1468, 0.4293
-0.6685, -0.3259, -0.4401, 1.1621, 0.8814, -1.1419, 0.4302
-0.6685, -0.3276, -0.4431, 1.1641, 0.8747, -1.1370, 0.4312
-0.6686, -0.3294, -0.4461, 1.1661, 0.8681, -1.1322, 0.4322
-0.6686, -0.3311, -0.4491, 1.1680, 0.8616, -1.1274, 0.4332
-0.6687, -0.3328, -0.4521, 1.1698, 0.8550, -1.1226, 0.4342
-0.6688, -0.3345, -0.4550, 1.1716, 0.8485, -1.1179, 0.4352
-0.6688, -0.3361, -0.4579, 1.1732, 0.8420, -1.1132, 0.4362
-0.6689, -0.3377, -0.4607, 1.1748, 0.8356, -1.1085, 0.4372
-0.6690, -0.3393, -0.4635, 1.1764, 0.8291, -1.1039, 0.4383
-0.6691, -0.3409, -0.4663, 1.1778, 0.8227, -1.0994, 0.4394
-0.6692, -0.3424, -0.4690, 1.1793, 0.8164, -1.0948, 0.4404
-0.6693, -0.3439, -0.4717, 1.1806, 0.8100, -1.0903, 0.4415
-0.6690, -0.3454, -0.4743, 1.1822, 0.8039, -1.0862, 0.4425
-0.6685, -0.3471, -0.4768, 1.1840, 0.7978, -1.0824, 0.4434
-0.6679, -0.3487, -0.4793, 1.1857, 0.7918, -1.0785, 0.4443
-0.6674, -0.3503, -0.4817, 1.1874, 0.7858, -1.0747, 0.4452
-0.6669, -0.3518, -0.4841, 1.1890, 0.7798, -1.0710, 0.4462
-0.6664, -0.3534, -0.4865, 1.1905, 0.7739, -1.0672, 0.4471
-0.6660, -0.3549, -0.4888, 1.1920, 0.7679, -1.0635, 0.4481
-0.6655, -0.3564, -0.4912, 1.1934, 0.7621, -1.0598, 0.4490
-0.6651, -0.3579, -0.4934, 1.1948, 0.7562, -1.0561, 0.4500
-0.6647, -0.3593, -0.4957, 1.1961, 0.7503, -1.0525, 0.4510
-0.6645, -0.3607, -0.4980, 1.1971, 0.7444, -1.0487, 0.4521
-0.6644, -0.3619, -0.5002, 1.1980, 0.7385, -1.0448, 0.4533
-0.6644, -0.3632, -0.5024, 1.1987, 0.7326, -1.0408, 0.4545
-0.6646, -0.3643, -0.5047, 1.1992, 0.7266, -1.0369, 0.4557
-0.6648, -0.3655, -0.5069, 1.1998, 0.7207, -1.0329, 0.4570
-0.6651, -0.3666, -0.5091, 1.2002, 0.7149, -1.0290, 0.4582
-0.6655, -0.3677, -0.5113, 1.2007, 0.7091, -1.0251, 0.4595
-0.6658, -0.3688, -0.5135, 1.2011, 0.7033, -1.0213, 0.4608
-0.6661, -0.3699, -0.5156, 1.2015, 0.6975, -1.0174, 0.4620
-0.6664, -0.3709, -0.5177, 1.2018, 0.6918, -1.0137, 0.4633
-0.6667, -0.3719, -0.5197, 1.2021, 0.6861, -1.0099, 0.4646
-0.6671, -0.3730, -0.5218, 1.2023, 0.6804, -1.0062, 0.4659
-0.6674, -0.3739, -0.5238, 1.2025, 0.6748, -1.0025, 0.4672
-0.6678, -0.3749, -0.5258, 1.2027, 0.6692, -0.9989, 0.4685
-0.6681, -0.3759, -0.5277, 1.2029, 0.6636, -0.9953, 0.4698
-0.6685, -0.3768, -0.5297, 1.2030, 0.6580, -0.9917, 0.4712
-0.6688, -0.3777, -0.5316, 1.2031, 0.6525, -0.9882, 0.4725
-0.6692, -0.3787, -0.5334, 1.2031, 0.6471, -0.9847, 0.4738
-0.6696, -0.3796, -0.5353, 1.2031, 0.6416, -0.9812, 0.4752
-0.6699, -0.3804, -0.5371, 1.2031, 0.6362, -0.9778, 0.4765
-0.6703, -0.3813, -0.5389, 1.2030, 0.6308, -0.9744, 0.4779
-0.6707, -0.3822, -0.5406, 1.2030, 0.6255, -0.9710, 0.4792
-0.6711, -0.3830, -0.5424, 1.2029, 0.6201, -0.9677, 0.4806
-0.6715, -0.3838, -0.5441, 1.2027, 0.6148, -0.9644, 0.4819
-0.6719, -0.3846, -0.5458, 1.2026, 0.6096, -0.9611, 0.4833
-0.6723, -0.3854, -0.5474, 1.2024, 0.6044, -0.9579, 0.4846
-0.6727, -0.3862, -0.5491, 1.2022, 0.5992, -0.9546, 0.4860
-0.6731, -0.3870, -0.5507, 1.2019, 0.5940, -0.9515, 0.4874
-0.6735, -0.3877, -0.5523, 1.2017, 0.5889, -0.9483, 0.4888
-0.6739, -0.3885, -0.5538, 1.2014, 0.5838, -0.9452, 0.4901
-0.6743, -0.3892, -0.5554, 1.2011, 0.5787, -0.9421, 0.4915
-0.6747, -0.3899, -0.5569, 1.2008, 0.5737, -0.9390, 0.4929
-0.6751, -0.3906, -0.5584, 1.2004, 0.5686, -0.9360, 0.4943
-0.6756, -0.3913, -0.5598, 1.2001, 0.5637, -0.9330, 0.4957
-0.6760, -0.3920, -0.5613, 1.1997, 0.5587, -0.9300, 0.4971
-0.6764, -0.3927, -0.5627, 1.1993, 0.5538, -0.9271, 0.4984
-0.6768, -0.3933, -0.5641, 1.1989, 0.5489, -0.9242, 0.4998
-0.6773, -0.3940, -0.5655, 1.1984, 0.5441, -0.9213, 0.5012
-0.6777, -0.3946, -0.5668, 1.1980, 0.5392, -0.9184, 0.5026
-0.6781, -0.3953, -0.5681, 1.1975, 0.5344, -0.9156, 0.5040
-0.6786, -0.3959, -0.5695, 1.1970, 0.5297, -0.9128, 0.5054
-0.6790, -0.3965, -0.5707, 1.1965, 0.5249, -0.9100, 0.5068
-0.6795, -0.3971, -0.5720, 1.1960, 0.5202, -0.9073, 0.5082
-0.6799, -0.3977, -0.5733, 1.1955, 0.5156, -0.9046, 0.5096
-0.6804, -0.3983, -0.5745, 1.1949, 0.5109, -0.9019, 0.5110
-0.6808, -0.3988, -0.5757, 1.1944, 0.5063, -0.8992, 0.5124
-0.6813, -0.3994, -0.5769, 1.1938, 0.5017, -0.8966, 0.5138
-0.6817, -0.4000, -0.5780, 1.1932, 0.4972, -0.8939, 0.5151
-0.6822, -0.4005, -0.5792, 1.1926, 0.4926, -0.8914, 0.5165
-0.6826, -0.4010, -0.5803, 1.1920, 0.4881, -0.8888, 0.5179
-0.6831, -0.4016, -0.5814, 1.1914, 0.4837, -0.8863, 0.5193
-0.6835, -0.4021, -0.5825, 1.1907, 0.4792, -0.8837, 0.5207
-0.6840, -0.4026, -0.5836, 1.1901, 0.4748, -0.8813, 0.5221
-0.6844, -0.4031, -0.5846, 1.1894, 0.4705, -0.8788, 0.5235
-0.6849, -0.4036, -0.5857, 1.1888, 0.4661, -0.8763, 0.5249
-0.6854, -0.4041, -0.5867, 1.1881, 0.4618, -0.8739, 0.5263
-0.6858, -0.4046, -0.5877, 1.1874, 0.4575, -0.8715, 0.5276
-0.6863, -0.4050, -0.5887, 1.1867, 0.4532, -0.8692, 0.5290
-0.6867, -0.4055, -0.5896, 1.1860, 0.4490, -0.8668, 0.5304
-0.6872, -0.4059, -0.5906, 1.1853, 0.4448, -0.8645, 0.5318
-0.6877, -0.4064, -0.5915, 1.1846, 0.4406, -0.8622, 0.5331
-0.6881, -0.4068, -0.5924, 1.1839, 0.4365, -0.8599, 0.5345
-0.6886, -0.4073, -0.5933, 1.1832, 0.4323, -0.8577, 0.5359
-0.6891, -0.4077, -0.5942, 1.1824, 0.4282, -0.8554, 0.5372
-0.6895, -0.4081, -0.5951, 1.1817, 0.4242, -0.8532, 0.5386
-0.6900, -0.4085, -0.5959, 1.1809, 0.4201, -0.8511, 0.5400
-0.6904, -0.4089, -0.5968, 1.1802, 0.4161, -0.8489, 0.5413
-0.6909, -0.4094, -0.5976, 1.1794, 0.4122, -0.8467, 0.5427
-0.6914, -0.4097, -0.5984, 1.1787, 0.4082, -0.8446, 0.5440
-0.6918, -0.4101, -0.5992, 1.1779, 0.4043, -0.8425, 0.5454
-0.6923, -0.4105, -0.6000, 1.1771, 0.4004, -0.8404, 0.5467
-0.6928, -0.4109, -0.6008, 1.1763, 0.3965, -0.8384, 0.5481
-0.6932, -0.4113, -0.6015, 1.1756, 0.3927, -0.8363, 0.5494
-0.6937, -0.4116, -0.6022, 1.1748, 0.3888, -0.8343, 0.5507
-0.6941, -0.4120, -0.6030, 1.1740, 0.3850, -0.8323, 0.5521
-0.6946, -0.4124, -0.6037, 1.1732, 0.3813, -0.8303, 0.5534
-0.6951, -0.4127, -0.6044, 1.1724, 0.3775, -0.8284, 0.5547
-0.6955, -0.4131, -0.6051, 1.1716, 0.3738, -0.8264, 0.5560
-0.6960, -0.4134, -0.6057, 1.1708, 0.3701, -0.8245, 0.5573
-0.6964, -0.4137, -0.6064, 1.1700, 0.3665, -0.8226, 0.5586
-0.6969, -0.4141, -0.6070, 1.1692, 0.3628, -0.8207, 0.5599
-0.6974, -0.4144, -0.6077, 1.1684, 0.3592, -0.8189, 0.5612
-0.6978, -0.4147, -0.6083, 1.1676, 0.3557, -0.8170, 0.5625
-0.6983, -0.4150, -0.6089, 1.1668, 0.3521, -0.8152, 0.5638
-0.6987, -0.4153, -0.6095, 1.1660, 0.3486, -0.8134, 0.5651
-0.6992, -0.4156, -0.6101, 1.1652, 0.3451, -0.8116, 0.5664
-0.6996, -0.4159, -0.6107, 1.1643, 0.3416, -0.8098, 0.5677
-0.7001, -0.4162, -0.6113, 1.1635, 0.3381, -0.8081, 0.5690
-0.7005, -0.4165, -0.6118, 1.1627, 0.3347, -0.8064, 0.5702
-0.7010, -0.4168, -0.6124, 1.1619, 0.3313, -0.8046, 0.5715
-0.7014, -0.4171, -0.6129, 1.1611, 0.3279, -0.8029, 0.5728
-0.7019, -0.4174, -0.6134, 1.1603, 0.3246, -0.8012, 0.5740
-0.7023, -0.4176, -0.6139, 1.1595, 0.3212, -0.7996, 0.5753
-0.7027, -0.4179, -0.6144, 1.1586, 0.3179, -0.7979, 0.5765
-0.7032, -0.4182, -0.6149, 1.1578, 0.3146, -0.7963, 0.5777
-0.7036, -0.4184, -0.6154, 1.1570, 0.3114, -0.7947, 0.5790
-0.7041, -0.4187, -0.6159, 1.1562, 0.3082, -0.7931, 0.5802
-0.7045, -0.4189, -0.6164, 1.1554, 0.3049, -0.7915, 0.5814
-0.7049, -0.4192, -0.6168, 1.1546, 0.3018, -0.7899, 0.5827
-0.7054, -0.4194, -0.6173, 1.1538, 0.2986, -0.7884, 0.5839
-0.7058, -0.4197, -0.6177, 1.1529, 0.2955, -0.7868, 0.5851
-0.7062, -0.4199, -0.6182, 1.1521, 0.2924, -0.7853, 0.5863
-0.7067, -0.4202, -0.6186, 1.1513, 0.2893, -0.7838, 0.5875
-0.7071, -0.4204, -0.6190, 1.1505, 0.2862, -0.7823, 0.5887
-0.7075, -0.4206, -0.6194, 1.1497, 0.2832, -0.7808, 0.5899
-0.7079, -0.4208, -0.6198, 1.1489, 0.2801, -0.7794, 0.5910
-0.7083, -0.4211, -0.6202, 1.1481, 0.2771, -0.7779, 0.5922
-0.7088, -0.4213, -0.6206, 1.1473, 0.2742, -0.7765, 0.5934
-0.7092, -0.4215, -0.6210, 1.1465, 0.2712, -0.7751, 0.5946
-0.7096, -0.4217, -0.6213, 1.1457, 0.2683, -0.7737, 0.5957
-0.7100, -0.4219, -0.6217, 1.1449, 0.2654, -0.7723, 0.5969
-0.7104, -0.4221, -0.6220, 1.1441, 0.2625, -0.7709, 0.5980
-0.7108, -0.4223, -0.6224, 1.1433, 0.2596, -0.7695, 0.5992
-0.7112, -0.4225, -0.6227, 1.1425, 0.2568, -0.7682, 0.6003
-0.7117, -0.4227, -0.6231, 1.1418, 0.2540, -0.7668, 0.6014
-0.7121, -0.4229, -0.6234, 1.1410, 0.2512, -0.7655, 0.6025
-0.7125, -0.4231, -0.6237, 1.1402, 0.2484, -0.7642, 0.6037
-0.7129, -0.4233, -0.6240, 1.1394, 0.2456, -0.7629, 0.6048
-0.7133, -0.4235, -0.6243, 1.1386, 0.2429, -0.7616, 0.6059
-0.7137, -0.4237, -0.6246, 1.1379, 0.2402, -0.7604, 0.6070
-0.7141, -0.4238, -0.6249, 1.1371, 0.2375, -0.7591, 0.6081
-0.7144, -0.4240, -0.6252, 1.1363, 0.2348, -0.7578, 0.6092
-0.7148, -0.4242, -0.6255, 1.1356, 0.2322, -0.7566, 0.6103
-0.7152, -0.4244, -0.6258, 1.1348, 0.2296, -0.7554, 0.6113
-0.7156, -0.4245, -0.6260, 1.1340, 0.2270, -0.7542, 0.6124
-0.7160, -0.4247, -0.6263, 1.1333, 0.2244, -0.7530, 0.6135
-0.7164, -0.4249, -0.6265, 1.1325, 0.2218, -0.7518, 0.6145
-0.7168, -0.4250, -0.6268, 1.1318, 0.2193, -0.7506, 0.6156
-0.7171, -0.4252, -0.6270, 1.1310, 0.2167, -0.7495, 0.6166
-0.7175, -0.4253, -0.6273, 1.1303, 0.2142, -0.7483, 0.6177
-0.7179, -0.4255, -0.6275, 1.1296, 0.2117, -0.7472, 0.6187
-0.7183, -0.4256, -0.6278, 1.1288, 0.2093, -0.7461, 0.6198
-0.7186, -0.4258, -0.6280, 1.1281, 0.2068, -0.7450, 0.6208
-0.7190, -0.4259, -0.6282, 1.1274, 0.2044, -0.7439, 0.6218
-0.7194, -0.4261, -0.6284, 1.1266, 0.2020, -0.7428, 0.6228
-0.7197, -0.4262, -0.6286, 1.1259, 0.1996, -0.7417, 0.6238
-0.7201, -0.4264, -0.6288, 1.1252, 0.1972, -0.7406, 0.6248
-0.7205, -0.4265, -0.6291, 1.1245, 0.1949, -0.7395, 0.6258
-0.7208, -0.4266, -0.6293, 1.1238, 0.1926, -0.7385, 0.6268
-0.7212, -0.4268, -0.6294, 1.1231, 0.1902, -0.7375, 0.6278
-0.7215, -0.4269, -0.6296, 1.1224, 0.1880, -0.7364, 0.6288
-0.7219, -0.4270, -0.6298, 1.1217, 0.1857, -0.7354, 0.6297
-0.7222, -0.4272, -0.6300, 1.1210, 0.1834, -0.7344, 0.6307
-0.7226, -0.4273, -0.6302, 1.1203, 0.1812, -0.7334, 0.6317
-0.7229, -0.4274, -0.6304, 1.1196, 0.1790, -0.7324, 0.6326
-0.7232, -0.4275, -0.6305, 1.1189, 0.1768, -0.7315, 0.6336
-0.7236, -0.4277, -0.6307, 1.1182, 0.1746, -0.7305, 0.6345
-0.7239, -0.4278, -0.6309, 1.1175, 0.1724, -0.7295, 0.6354
-0.7243, -0.4279, -0.6310, 1.1169, 0.1703, -0.7286, 0.6364
-0.7246, -0.4280, -0.6312, 1.1162, 0.1681, -0.7276, 0.6373
-0.7249, -0.4281, -0.6313, 1.1155, 0.1660, -0.7267, 0.6382
-0.7253, -0.4282, -0.6315, 1.1149, 0.1639, -0.7258, 0.6391
-0.7256, -0.4283, -0.6316, 1.1142, 0.1619, -0.7249, 0.6400
-0.7259, -0.4285, -0.6318, 1.1136, 0.1598, -0.7240, 0.6409
-0.7262, -0.4286, -0.6319, 1.1129, 0.1578, -0.7231, 0.6418
-0.7265, -0.4287, -0.6320, 1.1123, 0.1557, -0.7222, 0.6427
-0.7269, -0.4288, -0.6322, 1.1116, 0.1537, -0.7213, 0.6436
-0.7272, -0.4289, -0.6323, 1.1110, 0.1517, -0.7205, 0.6445
-0.7275, -0.4290, -0.6324, 1.1103, 0.1498, -0.7196, 0.6453
-0.7278, -0.4291, -0.6326, 1.1097, 0.1478, -0.7188, 0.6462
-0.7281, -0.4292, -0.6327, 1.1091, 0.1459, -0.7179, 0.6470
-0.7284, -0.4293, -0.6328, 1.1085, 0.1439, -0.7171, 0.6479
-0.7287, -0.4294, -0.6329, 1.1078, 0.1420, -0.7163, 0.6487
-0.7290, -0.4295, -0.6330, 1.1072, 0.1401, -0.7155, 0.6496
-0.7293, -0.4296, -0.6331, 1.1066, 0.1382, -0.7147, 0.6504
-0.7296, -0.4296, -0.6332, 1.1060, 0.1364, -0.7139, 0.6513
-0.7299, -0.4297, -0.6334, 1.1054, 0.1345, -0.7131, 0.6521
-0.7302, -0.4298, -0.6335, 1.1048, 0.1327, -0.7123, 0.6529
-0.7305, -0.4299, -0.6336, 1.1042, 0.1309, -0.7115, 0.6537
-0.7308, -0.4300, -0.6337, 1.1036, 0.1291, -0.7107, 0.6545
-0.7311, -0.4301, -0.6338, 1.1030, 0.1273, -0.7100, 0.6553
-0.7314, -0.4302, -0.6338, 1.1025, 0.1255, -0.7092, 0.6561
-0.7317, -0.4302, -0.6339, 1.1019, 0.1238, -0.7085, 0.6569
-0.7319, -0.4303, -0.6340, 1.1013, 0.1220, -0.7078, 0.6577
-0.7322, -0.4304, -0.6341, 1.1007, 0.1203, -0.7070, 0.6585
-0.7325, -0.4305, -0.6342, 1.1002, 0.1186, -0.7063, 0.6592
-0.7328, -0.4306, -0.6343, 1.0996, 0.1169, -0.7056, 0.6600
-0.7330, -0.4306, -0.6344, 1.0990, 0.1152, -0.7049, 0.6608
-0.7333, -0.4307, -0.6344, 1.0985, 0.1136, -0.7042, 0.6615
-0.7336, -0.4308, -0.6345, 1.0979, 0.1119, -0.7035, 0.6623
-0.7338, -0.4309, -0.6346, 1.0974, 0.1103, -0.7028, 0.6630
-0.7341, -0.4309, -0.6347, 1.0968, 0.1087, -0.7021, 0.6638
-0.7344, -0.4310, -0.6347, 1.0963, 0.1070, -0.7015, 0.6645
-0.7346, -0.4311, -0.6348, 1.0958, 0.1054, -0.7008, 0.6652
-0.7349, -0.4311, -0.6349, 1.0952, 0.1039, -0.7001, 0.6659
-0.7352, -0.4312, -0.6349, 1.0947, 0.1023, -0.6995, 0.6667
-0.7354, -0.4313, -0.6350, 1.0942, 0.1007, -0.6988, 0.6674
-0.7357, -0.4313, -0.6351, 1.0937, 0.0992, -0.6982, 0.6681
-0.7359, -0.4314, -0.6351, 1.0931, 0.0977, -0.6976, 0.6688
-0.7362, -0.4315, -0.6352, 1.0926, 0.0962, -0.6969, 0.6695
-0.7364, -0.4315, -0.6352, 1.0921, 0.0947, -0.6963, 0.6702
-0.7367, -0.4316, -0.6353, 1.0916, 0.0932, -0.6957, 0.6709
-0.7369, -0.4317, -0.6354, 1.0911, 0.0917, -0.6951, 0.6716
-0.7371, -0.4317, -0.6354, 1.0906, 0.0902, -0.6945, 0.6722
-0.7374, -0.4318, -0.6355, 1.0901, 0.0888, -0.6939, 0.6729
-0.7376, -0.4318, -0.6355, 1.0896, 0.0873, -0.6933, 0.6736
-0.7379, -0.4319, -0.6356, 1.0891, 0.0859, -0.6927, 0.6742
-0.7381, -0.4320, -0.6356, 1.0887, 0.0845, -0.6922, 0.6749
-0.7383, -0.4320, -0.6357, 1.0882, 0.0831, -0.6916, 0.6755
-0.7386, -0.4321, -0.6357, 1.0877, 0.0817, -0.6910, 0.6762
-0.7388, -0.4321, -0.6357, 1.0872, 0.0803, -0.6905, 0.6768
-0.7390, -0.4322, -0.6358, 1.0868, 0.0790, -0.6899, 0.6775
-0.7392, -0.4322, -0.6358, 1.0863, 0.0776, -0.6894, 0.6781
-0.7395, -0.4323, -0.6359, 1.0858, 0.0763, -0.6888, 0.6787
-0.7397, -0.4323, -0.6359, 1.0854, 0.0750, -0.6883, 0.6793
-0.7399, -0.4324, -0.6359, 1.0849, 0.0737, -0.6878, 0.6800
-0.7401, -0.4324, -0.6360, 1.0845, 0.0724, -0.6872, 0.6806
-0.7403, -0.4325, -0.6360, 1.0840, 0.0711, -0.6867, 0.6812
-0.7405, -0.4325, -0.6361, 1.0836, 0.0698, -0.6862, 0.6818
-0.7408, -0.4326, -0.6361, 1.0831, 0.0685, -0.6857, 0.6824
-0.7410, -0.4326, -0.6361, 1.0827, 0.0673, -0.6852, 0.6830
-0.7412, -0.4327, -0.6362, 1.0823, 0.0660, -0.6847, 0.6836
-0.7414, -0.4327, -0.6362, 1.0818, 0.0648, -0.6842, 0.6841
-0.7416, -0.4328, -0.6362, 1.0814, 0.0636, -0.6837, 0.6847
-0.7418, -0.4328, -0.6362, 1.0810, 0.0623, -0.6832, 0.6853
-0.7420, -0.4328, -0.6363, 1.0806, 0.0611, -0.6827, 0.6859
-0.7422, -0.4329, -0.6363, 1.0802, 0.0599, -0.6822, 0.6864
-0.7424, -0.4329, -0.6363, 1.0797, 0.0588, -0.6818, 0.6870
-0.7426, -0.4330, -0.6364, 1.0793, 0.0576, -0.6813, 0.6875
-0.7428, -0.4330, -0.6364, 1.0789, 0.0564, -0.6808, 0.6881
-0.7430, -0.4331, -0.6364, 1.0785, 0.0553, -0.6804, 0.6886
-0.7432, -0.4331, -0.6364, 1.0781, 0.0541, -0.6799, 0.6892
-0.7434, -0.4331, -0.6364, 1.0777, 0.0530, -0.6795, 0.6897
-0.7435, -0.4332, -0.6365, 1.0773, 0.0519, -0.6790, 0.6903
-0.7437, -0.4332, -0.6365, 1.0769, 0.0508, -0.6786, 0.6908
-0.7439, -0.4333, -0.6365, 1.0766, 0.0497, -0.6782, 0.6913
-0.7441, -0.4333, -0.6365, 1.0762, 0.0486, -0.6777, 0.6918
-0.7443, -0.4333, -0.6366, 1.0758, 0.0475, -0.6773, 0.6923
-0.7445, -0.4334, -0.6366, 1.0754, 0.0465, -0.6769, 0.6929
-0.7446, -0.4334, -0.6366, 1.0750, 0.0454, -0.6765, 0.6934
-0.7448, -0.4334, -0.6366, 1.0747, 0.0444, -0.6761, 0.6939
-0.7450, -0.4335, -0.6366, 1.0743, 0.0433, -0.6757, 0.6944
-0.7452, -0.4335, -0.6366, 1.0739, 0.0423, -0.6752, 0.6949
-0.7453, -0.4335, -0.6367, 1.0736, 0.0413, -0.6748, 0.6954
-0.7455, -0.4336, -0.6367, 1.0732, 0.0403, -0.6745, 0.6958
-0.7457, -0.4336, -0.6367, 1.0729, 0.0392, -0.6741, 0.6963
-0.7459, -0.4336, -0.6367, 1.0725, 0.0383, -0.6737, 0.6968
-0.7460, -0.4337, -0.6367, 1.0722, 0.0373, -0.6733, 0.6973
-0.7462, -0.4337, -0.6367, 1.0718, 0.0363, -0.6729, 0.6978
-0.7463, -0.4337, -0.6367, 1.0715, 0.0353, -0.6725, 0.6982
-0.7465, -0.4338, -0.6367, 1.0711, 0.0344, -0.6722, 0.6987
-0.7467, -0.4338, -0.6368, 1.0708, 0.0334, -0.6718, 0.6991
-0.7468, -0.4338, -0.6368, 1.0705, 0.0325, -0.6714, 0.6996
-0.7470, -0.4338, -0.6368, 1.0701, 0.0316, -0.6711, 0.7000
-0.7471, -0.4339, -0.6368, 1.0698, 0.0306, -0.6707, 0.7005
-0.7473, -0.4339, -0.6368, 1.0695, 0.0297, -0.6703, 0.7009
-0.7475, -0.4339, -0.6368, 1.0691, 0.0288, -0.6700, 0.7014
-0.7476, -0.4340, -0.6368, 1.0688, 0.0279, -0.6696, 0.7018
-0.7478, -0.4340, -0.6368, 1.0685, 0.0270, -0.6693, 0.7022
-0.7479, -0.4340, -0.6368, 1.0682, 0.0261, -0.6690, 0.7027
-0.7481, -0.4340, -0.6368, 1.0679, 0.0253, -0.6686, 0.7031
-0.7482, -0.4341, -0.6369, 1.0676, 0.0244, -0.6683, 0.7035
-0.7484, -0.4341, -0.6369, 1.0673, 0.0236, -0.6680, 0.7039
-0.7485, -0.4341, -0.6369, 1.0669, 0.0227, -0.6676, 0.7044
-0.7486, -0.4341, -0.6369, 1.0666, 0.0219, -0.6673, 0.7048
-0.7488, -0.4342, -0.6369, 1.0663, 0.0210, -0.6670, 0.7052
-0.7489, -0.4342, -0.6369, 1.0661, 0.0202, -0.6667, 0.7056
-0.7491, -0.4342, -0.6369, 1.0658, 0.0194, -0.6664, 0.7060
-0.7492, -0.4342, -0.6369, 1.0655, 0.0186, -0.6660, 0.7064
-0.7493, -0.4343, -0.6369, 1.0652, 0.0178, -0.6657, 0.7068
-0.7495, -0.4343, -0.6369, 1.0649, 0.0170, -0.6654, 0.7072
-0.7496, -0.4343, -0.6369, 1.0646, 0.0162, -0.6651, 0.7075
-0.7497, -0.4343, -0.6369, 1.0643, 0.0154, -0.6648, 0.7079
-0.7499, -0.4344, -0.6369, 1.0640, 0.0146, -0.6645, 0.7083
-0.7500, -0.4344, -0.6369, 1.0638, 0.0139, -0.6642, 0.7087
-0.7501, -0.4344, -0.6369, 1.0635, 0.0131, -0.6640, 0.7091
-0.7503, -0.4344, -0.6369, 1.0632, 0.0124, -0.6637, 0.7094
-0.7504, -0.4344, -0.6369, 1.0630, 0.0116, -0.6634, 0.7098
-0.7505, -0.4345, -0.6369, 1.0627, 0.0109, -0.6631, 0.7102
-0.7507, -0.4345, -0.6369, 1.0624, 0.0102, -0.6628, 0.7105
