0.0947, -1.3848, -0.3447, 2.2595, 0.1863, -0.8544, -0.0747
0.0951, -1.3781, -0.3508, 2.2556, 0.1963, -0.8534, -0.0847
0.0955, -1.3714, -0.3569, 2.2517, 0.2063, -0.8524, -0.0947
0.0960, -1.3647, -0.3629, 2.2476, 0.2163, -0.8515, -0.1047
0.0965, -1.3580, -0.3689, 2.2436, 0.2263, -0.8507, -0.1147
0.0970, -1.3512, -0.3748, 2.2394, 0.2363, -0.8499, -0.1247
0.0976, -1.3443, -0.3807, 2.2353, 0.2463, -0.8491, -0.1346
0.0981, -1.3375, -0.3865, 2.2310, 0.2563, -0.8484, -0.1445
0.0987, -1.3306, -0.3923, 2.2267, 0.2663, -0.8477, -0.1542
0.0992, -1.3237, -0.3981, 2.2224, 0.2763, -0.8470, -0.1638
0.0998, -1.3168, -0.4038, 2.2180, 0.2863, -0.8464, -0.1733
0.1004, -1.3098, -0.4094, 2.2136, 0.2963, -0.8458, -0.1826
0.1010, -1.3029, -0.4150, 2.2091, 0.3063, -0.8452, -0.1919
0.1015, -1.2959, -0.4205, 2.2046, 0.3163, -0.8446, -0.2011
0.1021, -1.2888, -0.4260, 2.2000, 0.3263, -0.8441, -0.2101
0.1026, -1.2818, -0.4314, 2.1954, 0.3363, -0.8436, -0.2191
0.1032, -1.2747, -0.4367, 2.1908, 0.3463, -0.8431, -0.2279
0.1037, -1.2677, -0.4420, 2.1861, 0.3563, -0.8426, -0.2367
0.1042, -1.2606, -0.4472, 2.1814, 0.3663, -0.8421, -0.2454
0.1047, -1.2535, -0.4524, 2.1766, 0.3763, -0.8416, -0.2539
0.1052, -1.2464, -0.4575, 2.1718, 0.3863, -0.8412, -0.2624
0.1056, -1.2392, -0.4625, 2.1670, 0.3963, -0.8407, -0.2708
0.1060, -1.2321, -0.4675, 2.1622, 0.4063, -0.8402, -0.2791
0.1064, -1.2250, -0.4724, 2.1573, 0.4163, -0.8398, -0.2874
0.1067, -1.2178, -0.4772, 2.1523, 0.4263, -0.8393, -0.2955
0.1070, -1.2107, -0.4820, 2.1474, 0.4363, -0.8389, -0.3036
0.1073, -1.2035, -0.4867, 2.1424, 0.4463, -0.8385, -0.3116
0.1076, -1.1964, -0.4913, 2.1374, 0.4563, -0.8380, -0.3195
0.1078, -1.1892, -0.4959, 2.1324, 0.4663, -0.8376, -0.3274
0.1079, -1.1820, -0.5004, 2.1273, 0.4763, -0.8371, -0.3352
0.1081, -1.1749, -0.5048, 2.1223, 0.4863, -0.8367, -0.3430
0.1081, -1.1677, -0.5091, 2.1171, 0.4963, -0.8362, -0.3507
0.1082, -1.1606, -0.5134, 2.1120, 0.5063, -0.8358, -0.3583
0.1082, -1.1535, -0.5176, 2.1069, 0.5163, -0.8353, -0.3659
0.1081, -1.1464, -0.5218, 2.1017, 0.5263, -0.8349, -0.3734
0.1081, -1.1392, -0.5258, 2.0965, 0.5363, -0.8344, -0.3809
0.1079, -1.1321, -0.5298, 2.0913, 0.5463, -0.8340, -0.3884
0.1077, -1.1251, -0.5337, 2.0861, 0.5563, -0.8335, -0.3958
0.1075, -1.1180, -0.5376, 2.0809, 0.5663, -0.8331, -0.4032
0.1072, -1.1109, -0.5413, 2.0757, 0.5763, -0.8327, -0.4106
0.1069, -1.1039, -0.5450, 2.0704, 0.5863, -0.8322, -0.4179
0.1065, -1.0969, -0.5487, 2.0651, 0.5963, -0.8318, -0.4252
0.1061, -1.0899, -0.5522, 2.0599, 0.6063, -0.8314, -0.4325
0.1082, -1.0881, -0.5559, 2.0620, 0.6166, -0.8327, -0.4391
0.1108, -1.0872, -0.5597, 2.0655, 0.6269, -0.8344, -0.4455
0.1133, -1.0863, -0.5633, 2.0688, 0.6373, -0.8360, -0.4518
0.1158, -1.0853, -0.5668, 2.0721, 0.6477, -0.8377, -0.4581
0.1182, -1.0842, -0.5703, 2.0751, 0.6581, -0.8395, -0.4643
0.1205, -1.0831, -0.5737, 2.0781, 0.6686, -0.8412, -0.4704
0.1228, -1.0819, -0.5770, 2.0810, 0.6792, -0.8429, -0.4765
0.1250, -1.0806, -0.5802, 2.0837, 0.6897, -0.8447, -0.4825
0.1271, -1.0793, -0.5834, 2.0863, 0.7003, -0.8464, -0.4884
0.1292, -1.0778, -0.5864, 2.0888, 0.7110, -0.8482, -0.4943
0.1312, -1.0764, -0.5894, 2.0912, 0.7217, -0.8500, -0.5001
0.1331, -1.0749, -0.5923, 2.0934, 0.7324, -0.8518, -0.5059
0.1350, -1.0733, -0.5951, 2.0956, 0.7431, -0.8536, -0.5116
0.1368, -1.0716, -0.5978, 2.0976, 0.7539, -0.8554, -0.5172
0.1386, -1.0699, -0.6005, 2.0995, 0.7647, -0.8573, -0.5228
0.1402, -1.0682, -0.6031, 2.1013, 0.7756, -0.8591, -0.5284
0.1418, -1.0663, -0.6056, 2.1030, 0.7865, -0.8610, -0.5339
0.1434, -1.0645, -0.6080, 2.1046, 0.7974, -0.8629, -0.5394
0.1448, -1.0625, -0.6104, 2.1060, 0.8083, -0.8648, -0.5448
0.1462, -1.0606, -0.6126, 2.1074, 0.8193, -0.8667, -0.5502
0.1475, -1.0585, -0.6148, 2.1086, 0.8303, -0.8686, -0.5556
0.1488, -1.0564, -0.6169, 2.1097, 0.8413, -0.8705, -0.5609
0.1499, -1.0543, -0.6190, 2.1108, 0.8524, -0.8725, -0.5662
0.1510, -1.0521, -0.6210, 2.1117, 0.8635, -0.8744, -0.5714
0.1521, -1.0498, -0.6229, 2.1125, 0.8746, -0.8764, -0.5767
0.1530, -1.0475, -0.6247, 2.1132, 0.8857, -0.8784, -0.5819
0.1539, -1.0452, -0.6264, 2.1137, 0.8969, -0.8804, -0.5870
0.1547, -1.0428, -0.6281, 2.1142, 0.9080, -0.8824, -0.5922
0.1554, -1.0403, -0.6297, 2.1146, 0.9193, -0.8844, -0.5973
0.1560, -1.0378, -0.6313, 2.1148, 0.9305, -0.8864, -0.6024
0.1566, -1.0353, -0.6327, 2.1150, 0.9417, -0.8885, -0.6075
0.1570, -1.0327, -0.6341, 2.1150, 0.9530, -0.8905, -0.6126
0.1574, -1.0301, -0.6355, 2.1149, 0.9643, -0.8926, -0.6177
0.1578, -1.0274, -0.6367, 2.1148, 0.9756, -0.8947, -0.6227
0.1580, -1.0247, -0.6379, 2.1145, 0.9869, -0.8968, -0.6277
0.1581, -1.0219, -0.6391, 2.1141, 0.9983, -0.8989, -0.6327
0.1582, -1.0191, -0.6401, 2.1136, 1.0096, -0.9011, -0.6378
0.1582, -1.0162, -0.6411, 2.1130, 1.0210, -0.9032, -0.6427
0.1581, -1.0133, -0.6421, 2.1122, 1.0323, -0.9054, -0.6477
0.1579, -1.0103, -0.6429, 2.1114, 1.0437, -0.9075, -0.6527
0.1576, -1.0074, -0.6438, 2.1105, 1.0551, -0.9097, -0.6577
0.1573, -1.0043, -0.6445, 2.1094, 1.0665, -0.9119, -0.6626
0.1568, -1.0013, -0.6452, 2.1083, 1.0780, -0.9141, -0.6676
0.1563, -0.9981, -0.6458, 2.1070, 1.0894, -0.9163, -0.6725
0.1557, -0.9950, -0.6464, 2.1056, 1.1008, -0.9185, -0.6774
0.1550, -0.9918, -0.6469, 2.1041, 1.1122, -0.9207, -0.6824
0.1542, -0.9886, -0.6474, 2.1026, 1.1237, -0.9230, -0.6873
0.1533, -0.9853, -0.6478, 2.1008, 1.1351, -0.9252, -0.6922
0.1523, -0.9820, -0.6481, 2.0990, 1.1465, -0.9275, -0.6971
0.1512, -0.9787, -0.6484, 2.0971, 1.1579, -0.9298, -0.7020
0.1501, -0.9753, -0.6487, 2.0951, 1.1694, -0.9320, -0.7069
0.1488, -0.9719, -0.6489, 2.0929, 1.1808, -0.9343, -0.7118
0.1475, -0.9684, -0.6490, 2.0907, 1.1922, -0.9366, -0.7167
0.1461, -0.9650, -0.6491, 2.0883, 1.2036, -0.9389, -0.7216
0.1445, -0.9615, -0.6492, 2.0859, 1.2150, -0.9411, -0.7264
0.1429, -0.9579, -0.6492, 2.0833, 1.2264, -0.9434, -0.7313
0.1413, -0.9544, -0.6491, 2.0806, 1.2376, -0.9457, -0.7362
0.1395, -0.9508, -0.6491, 2.0779, 1.2487, -0.9480, -0.7410
0.1377, -0.9472, -0.6489, 2.0751, 1.2596, -0.9504, -0.7459
0.1358, -0.9436, -0.6488, 2.0722, 1.2705, -0.9527, -0.7507
0.1338, -0.9400, -0.6486, 2.0692, 1.2811, -0.9551, -0.7555
0.1318, -0.9364, -0.6484, 2.0662, 1.2917, -0.9574, -0.7603
0.1297, -0.9328, -0.6481, 2.0631, 1.3021, -0.9598, -0.7651
0.1276, -0.9292, -0.6478, 2.0599, 1.3123, -0.9622, -0.7699
0.1254, -0.9256, -0.6475, 2.0567, 1.3224, -0.9646, -0.7747
0.1231, -0.9219, -0.6471, 2.0534, 1.3324, -0.9670, -0.7794
0.1208, -0.9183, -0.6467, 2.0501, 1.3423, -0.9695, -0.7841
0.1185, -0.9147, -0.6463, 2.0467, 1.3520, -0.9719, -0.7888
0.1160, -0.9111, -0.6459, 2.0432, 1.3616, -0.9744, -0.7935
0.1136, -0.9074, -0.6454, 2.0397, 1.3710, -0.9768, -0.7982
0.1111, -0.9038, -0.6449, 2.0362, 1.3803, -0.9793, -0.8028
0.1085, -0.9002, -0.6444, 2.0325, 1.3895, -0.9818, -0.8074
0.1059, -0.8966, -0.6439, 2.0289, 1.3986, -0.9843, -0.8120
0.1033, -0.8930, -0.6434, 2.0252, 1.4075, -0.9868, -0.8166
0.1006, -0.8894, -0.6428, 2.0215, 1.4163, -0.9893, -0.8212
0.0979, -0.8858, -0.6422, 2.0177, 1.4250, -0.9918, -0.8257
0.0951, -0.8822, -0.6416, 2.0139, 1.4336, -0.9943, -0.8302
0.0924, -0.8787, -0.6410, 2.0100, 1.4420, -0.9968, -0.8347
0.0895, -0.8751, -0.6404, 2.0062, 1.4503, -0.9994, -0.8391
0.0867, -0.8716, -0.6397, 2.0022, 1.4585, -1.0019, -0.8435
0.0838, -0.8680, -0.6391, 1.9983, 1.4666, -1.0044, -0.8479
0.0809, -0.8645, -0.6384, 1.9943, 1.4745, -1.0070, -0.8523
0.0780, -0.8610, -0.6378, 1.9903, 1.4824, -1.0095, -0.8567
0.0751, -0.8575, -0.6371, 1.9863, 1.4901, -1.0121, -0.8610
0.0721, -0.8540, -0.6364, 1.9822, 1.4977, -1.0146, -0.8652
0.0691, -0.8505, -0.6357, 1.9781, 1.5052, -1.0172, -0.8695
0.0661, -0.8471, -0.6350, 1.9740, 1.5126, -1.0198, -0.8737
0.0631, -0.8436, -0.6343, 1.9699, 1.5199, -1.0223, -0.8779
0.0600, -0.8402, -0.6336, 1.9657, 1.5270, -1.0249, -0.8821
0.0570, -0.8368, -0.6329, 1.9616, 1.5341, -1.0275, -0.8862
0.0539, -0.8334, -0.6321, 1.9574, 1.5411, -1.0300, -0.8903
0.0508, -0.8300, -0.6314, 1.9532, 1.5479, -1.0326, -0.8944
0.0477, -0.8266, -0.6307, 1.9490, 1.5547, -1.0351, -0.8984
0.0446, -0.8233, -0.6299, 1.9447, 1.5614, -1.0377, -0.9025
0.0415, -0.8199, -0.6292, 1.9405, 1.5679, -1.0403, -0.9065
0.0384, -0.8166, -0.6285, 1.9362, 1.5744, -1.0428, -0.9104
0.0352, -0.8133, -0.6277, 1.9319, 1.5807, -1.0454, -0.9143
0.0321, -0.8100, -0.6270, 1.9277, 1.5870, -1.0479, -0.9182
0.0289, -0.8067, -0.6263, 1.9234, 1.5932, -1.0505, -0.9221
0.0258, -0.8035, -0.6255, 1.9191, 1.5993, -1.0530, -0.9259
0.0226, -0.8003, -0.6248, 1.9148, 1.6053, -1.0555, -0.9297
0.0195, -0.7970, -0.6240, 1.9104, 1.6112, -1.0581, -0.9335
0.0163, -0.7938, -0.6233, 1.9061, 1.6170, -1.0606, -0.9373
0.0132, -0.7907, -0.6226, 1.9018, 1.6228, -1.0631, -0.9410
0.0100, -0.7875, -0.6218, 1.8975, 1.6284, -1.0656, -0.9447
0.0069, -0.7844, -0.6211, 1.8931, 1.6340, -1.0682, -0.9483
0.0037, -0.7812, -0.6204, 1.8888, 1.6395, -1.0707, -0.9519
0.0006, -0.7781, -0.6197, 1.8844, 1.6449, -1.0732, -0.9555
-0.0026, -0.7750, -0.6189, 1.8801, 1.6502, -1.0757, -0.9591
-0.0057, -0.7720, -0.6182, 1.8757, 1.6554, -1.0781, -0.9626
-0.0089, -0.7689, -0.6175, 1.8714, 1.6606, -1.0806, -0.9662
-0.0120, -0.7659, -0.6168, 1.8670, 1.6657, -1.0831, -0.9696
-0.0151, -0.7629, -0.6161, 1.8627, 1.6707, -1.0856, -0.9731
-0.0182, -0.7599, -0.6154, 1.8584, 1.6757, -1.0880, -0.9765
-0.0214, -0.7569, -0.6147, 1.8540, 1.6805, -1.0905, -0.9799
-0.0245, -0.7539, -0.6140, 1.8497, 1.6853, -1.0929, -0.9833
-0.0276, -0.7510, -0.6133, 1.8453, 1.6901, -1.0954, -0.9866
-0.0307, -0.7480, -0.6126, 1.8410, 1.6947, -1.0978, -0.9899
-0.0337, -0.7451, -0.6119, 1.8367, 1.6993, -1.1002, -0.9932
-0.0368, -0.7422, -0.6112, 1.8324, 1.7039, -1.1026, -0.9965
-0.0399, -0.7394, -0.6105, 1.8280, 1.7083, -1.1050, -0.9997
-0.0441, -0.7359, -0.6098, 1.8220, 1.7120, -1.1061, -1.0030
-0.0483, -0.7324, -0.6091, 1.8157, 1.7155, -1.1070, -1.0063
-0.0525, -0.7289, -0.6084, 1.8095, 1.7189, -1.1079, -1.0095
-0.0567, -0.7255, -0.6076, 1.8034, 1.7223, -1.1089, -1.0128
-0.0609, -0.7221, -0.6069, 1.7972, 1.7257, -1.1099, -1.0160
-0.0650, -0.7187, -0.6061, 1.7911, 1.7290, -1.1108, -1.0192
-0.0691, -0.7154, -0.6054, 1.7851, 1.7323, -1.1119, -1.0224
-0.0731, -0.7121, -0.6047, 1.7790, 1.7356, -1.1129, -1.0256
-0.0771, -0.7088, -0.6039, 1.7731, 1.7388, -1.1139, -1.0287
-0.0811, -0.7056, -0.6032, 1.7671, 1.7420, -1.1150, -1.0318
-0.0850, -0.7024, -0.6025, 1.7612, 1.7452, -1.1161, -1.0349
-0.0889, -0.6992, -0.6018, 1.7553, 1.7483, -1.1171, -1.0380
-0.0928, -0.6961, -0.6010, 1.7494, 1.7514, -1.1182, -1.0411
-0.0967, -0.6929, -0.6003, 1.7436, 1.7545, -1.1194, -1.0441
-0.1005, -0.6898, -0.5996, 1.7379, 1.7575, -1.1205, -1.0472
-0.1042, -0.6868, -0.5989, 1.7321, 1.7605, -1.1216, -1.0502
-0.1080, -0.6837, -0.5982, 1.7264, 1.7634, -1.1228, -1.0532
-0.1117, -0.6807, -0.5975, 1.7207, 1.7663, -1.1239, -1.0561
-0.1154, -0.6778, -0.5968, 1.7151, 1.7692, -1.1251, -1.0591
-0.1190, -0.6748, -0.5961, 1.7095, 1.7721, -1.1263, -1.0620
-0.1226, -0.6719, -0.5954, 1.7039, 1.7749, -1.1274, -1.0649
-0.1262, -0.6690, -0.5947, 1.6984, 1.7777, -1.1286, -1.0678
-0.1298, -0.6661, -0.5940, 1.6929, 1.7804, -1.1298, -1.0707
-0.1333, -0.6633, -0.5933, 1.6874, 1.7832, -1.1310, -1.0735
-0.1368, -0.6604, -0.5926, 1.6820, 1.7859, -1.1323, -1.0764
-0.1402, -0.6576, -0.5919, 1.6766, 1.7885, -1.1335, -1.0792
-0.1437, -0.6549, -0.5912, 1.6712, 1.7912, -1.1347, -1.0820
-0.1470, -0.6521, -0.5906, 1.6659, 1.7938, -1.1359, -1.0847
-0.1504, -0.6494, -0.5899, 1.6606, 1.7963, -1.1372, -1.0875
-0.1538, -0.6467, -0.5892, 1.6553, 1.7989, -1.1384, -1.0902
-0.1571, -0.6440, -0.5886, 1.6501, 1.8014, -1.1397, -1.0929
-0.1603, -0.6414, -0.5879, 1.6449, 1.8039, -1.1409, -1.0956
-0.1636, -0.6387, -0.5872, 1.6397, 1.8063, -1.1422, -1.0983
-0.1668, -0.6361, -0.5866, 1.6346, 1.8087, -1.1434, -1.1009
-0.1700, -0.6335, -0.5860, 1.6295, 1.8111, -1.1447, -1.1035
-0.1732, -0.6310, -0.5853, 1.6244, 1.8135, -1.1460, -1.1062
-0.1763, -0.6284, -0.5847, 1.6194, 1.8158, -1.1472, -1.1087
-0.1794, -0.6259, -0.5840, 1.6144, 1.8181, -1.1485, -1.1113
-0.1825, -0.6234, -0.5834, 1.6094, 1.8204, -1.1498, -1.1139
-0.1856, -0.6209, -0.5828, 1.6045, 1.8227, -1.1511, -1.1164
-0.1886, -0.6185, -0.5822, 1.5996, 1.8249, -1.1523, -1.1189
-0.1916, -0.6160, -0.5815, 1.5947, 1.8271, -1.1536, -1.1214
-0.1946, -0.6136, -0.5809, 1.5898, 1.8293, -1.1549, -1.1239
-0.1975, -0.6112, -0.5803, 1.5850, 1.8314, -1.1562, -1.1263
-0.2004, -0.6088, -0.5797, 1.5802, 1.8335, -1.1575, -1.1288
-0.2033, -0.6065, -0.5791, 1.5755, 1.8356, -1.1587, -1.1312
-0.2062, -0.6041, -0.5785, 1.5708, 1.8377, -1.1600, -1.1336
-0.2090, -0.6018, -0.5779, 1.5661, 1.8398, -1.1613, -1.1359
-0.2119, -0.5995, -0.5774, 1.5614, 1.8418, -1.1626, -1.1383
-0.2147, -0.5972, -0.5768, 1.5568, 1.8438, -1.1639, -1.1406
-0.2174, -0.5950, -0.5762, 1.5522, 1.8458, -1.1651, -1.1430
-0.2202, -0.5927, -0.5756, 1.5476, 1.8477, -1.1664, -1.1453
-0.2229, -0.5905, -0.5751, 1.5431, 1.8496, -1.1677, -1.1475
-0.2256, -0.5883, -0.5745, 1.5386, 1.8515, -1.1689, -1.1498
-0.2282, -0.5861, -0.5739, 1.5341, 1.8534, -1.1702, -1.1521
-0.2309, -0.5839, -0.5734, 1.5296, 1.8553, -1.1715, -1.1543
-0.2335, -0.5818, -0.5728, 1.5252, 1.8571, -1.1728, -1.1565
-0.2361, -0.5796, -0.5723, 1.5208, 1.8589, -1.1740, -1.1587
-0.2387, -0.5775, -0.5717, 1.5165, 1.8607, -1.1753, -1.1609
-0.2412, -0.5754, -0.5712, 1.5121, 1.8625, -1.1765, -1.1630
-0.2438, -0.5733, -0.5707, 1.5078, 1.8642, -1.1778, -1.1652
-0.2463, -0.5712, -0.5701, 1.5036, 1.8660, -1.1790, -1.1673
-0.2488, -0.5692, -0.5696, 1.4993, 1.8677, -1.1803, -1.1694
-0.2512, -0.5672, -0.5691, 1.4951, 1.8694, -1.1815, -1.1715
-0.2537, -0.5651, -0.5686, 1.4909, 1.8710, -1.1828, -1.1736
-0.2561, -0.5631, -0.5681, 1.4867, 1.8727, -1.1840, -1.1756
-0.2585, -0.5611, -0.5676, 1.4826, 1.8743, -1.1853, -1.1777
-0.2609, -0.5592, -0.5671, 1.4785, 1.8759, -1.1865, -1.1797
-0.2632, -0.5572, -0.5666, 1.4744, 1.8775, -1.1877, -1.1817
-0.2656, -0.5553, -0.5661, 1.4704, 1.8791, -1.1889, -1.1837
-0.2679, -0.5533, -0.5656, 1.4664, 1.8806, -1.1902, -1.1857
-0.2702, -0.5514, -0.5651, 1.4624, 1.8821, -1.1914, -1.1877
-0.2724, -0.5495, -0.5646, 1.4584, 1.8837, -1.1926, -1.1896
-0.2747, -0.5476, -0.5641, 1.4545, 1.8852, -1.1938, -1.1915
-0.2769, -0.5458, -0.5637, 1.4506, 1.8866, -1.1950, -1.1934
-0.2791, -0.5439, -0.5632, 1.4467, 1.8881, -1.1962, -1.1953
-0.2813, -0.5421, -0.5627, 1.4428, 1.8895, -1.1974, -1.1972
-0.2835, -0.5403, -0.5623, 1.4390, 1.8910, -1.1986, -1.1991
-0.2856, -0.5385, -0.5618, 1.4352, 1.8924, -1.1998, -1.2009
-0.2878, -0.5367, -0.5613, 1.4314, 1.8937, -1.2009, -1.2028
-0.2899, -0.5349, -0.5609, 1.4277, 1.8951, -1.2021, -1.2046
-0.2920, -0.5331, -0.5604, 1.4239, 1.8965, -1.2033, -1.2064
-0.2940, -0.5314, -0.5600, 1.4202, 1.8978, -1.2044, -1.2082
-0.2961, -0.5296, -0.5596, 1.4166, 1.8991, -1.2056, -1.2100
-0.2981, -0.5279, -0.5591, 1.4129, 1.9005, -1.2068, -1.2117
-0.3001, -0.5262, -0.5587, 1.4093, 1.9017, -1.2079, -1.2135
-0.3021, -0.5245, -0.5583, 1.4057, 1.9030, -1.2090, -1.2152
-0.3041, -0.5228, -0.5578, 1.4021, 1.9043, -1.2102, -1.2169
-0.3061, -0.5211, -0.5574, 1.3986, 1.9055, -1.2113, -1.2186
-0.3080, -0.5195, -0.5570, 1.3951, 1.9068, -1.2124, -1.2203
-0.3100, -0.5178, -0.5566, 1.3916, 1.9080, -1.2136, -1.2220
-0.3119, -0.5162, -0.5562, 1.3881, 1.9092, -1.2147, -1.2237
-0.3138, -0.5146, -0.5558, 1.3846, 1.9104, -1.2158, -1.2253
-0.3156, -0.5130, -0.5554, 1.3812, 1.9115, -1.2169, -1.2270
-0.3175, -0.5114, -0.5550, 1.3778, 1.9127, -1.2180, -1.2286
-0.3193, -0.5098, -0.5546, 1.3745, 1.9138, -1.2191, -1.2302
-0.3212, -0.5082, -0.5542, 1.3711, 1.9150, -1.2202, -1.2318
-0.3230, -0.5067, -0.5538, 1.3678, 1.9161, -1.2213, -1.2334
-0.3248, -0.5051, -0.5534, 1.3645, 1.9172, -1.2223, -1.2349
-0.3265, -0.5036, -0.5530, 1.3612, 1.9183, -1.2234, -1.2365
-0.3283, -0.5021, -0.5527, 1.3580, 1.9194, -1.2245, -1.2380
-0.3300, -0.5006, -0.5523, 1.3547, 1.9204, -1.2255, -1.2396
-0.3318, -0.4991, -0.5519, 1.3515, 1.9215, -1.2266, -1.2411
-0.3335, -0.4976, -0.5516, 1.3483, 1.9225, -1.2276, -1.2426
-0.3352, -0.4961, -0.5512, 1.3452, 1.9236, -1.2287, -1.2441
-0.3369, -0.4947, -0.5508, 1.3420, 1.9246, -1.2297, -1.2456
-0.3385, -0.4932, -0.5505, 1.3389, 1.9256, -1.2307, -1.2470
-0.3402, -0.4918, -0.5501, 1.3358, 1.9266, -1.2317, -1.2485
-0.3418, -0.4903, -0.5498, 1.3328, 1.9276, -1.2328, -1.2499
-0.3434, -0.4889, -0.5494, 1.3297, 1.9285, -1.2338, -1.2514
-0.3450, -0.4875, -0.5491, 1.3267, 1.9295, -1.2348, -1.2528
-0.3466, -0.4861, -0.5487, 1.3237, 1.9304, -1.2358, -1.2542
-0.3482, -0.4847, -0.5484, 1.3207, 1.9314, -1.2368, -1.2556
-0.3498, -0.4834, -0.5481, 1.3178, 1.9323, -1.2378, -1.2570
-0.3513, -0.4820, -0.5477, 1.3148, 1.9332, -1.2387, -1.2584
-0.3529, -0.4807, -0.5474, 1.3119, 1.9341, -1.2397, -1.2597
-0.3544, -0.4793, -0.5471, 1.3090, 1.9350, -1.2407, -1.2611
-0.3559, -0.4780, -0.5468, 1.3062, 1.9359, -1.2416, -1.2624
-0.3574, -0.4767, -0.5464, 1.3033, 1.9368, -1.2426, -1.2638
-0.3589, -0.4754, -0.5461, 1.3005, 1.9376, -1.2435, -1.2651
-0.3603, -0.4741, -0.5458, 1.2977, 1.9385, -1.2445, -1.2664
-0.3618, -0.4728, -0.5455, 1.2949, 1.9393, -1.2454, -1.2677
-0.3632, -0.4715, -0.5452, 1.2921, 1.9401, -1.2464, -1.2690
-0.3646, -0.4702, -0.5449, 1.2894, 1.9410, -1.2473, -1.2702
-0.3661, -0.4690, -0.5446, 1.2867, 1.9418, -1.2482, -1.2715
-0.3675, -0.4677, -0.5443, 1.2840, 1.9426, -1.2491, -1.2728
-0.3688, -0.4665, -0.5440, 1.2813, 1.9434, -1.2500, -1.2740
-0.3702, -0.4653, -0.5437, 1.2786, 1.9441, -1.2509, -1.2752
-0.3716, -0.4641, -0.5434, 1.2760, 1.9449, -1.2518, -1.2764
-0.3729, -0.4628, -0.5431, 1.2733, 1.9457, -1.2527, -1.2777
-0.3743, -0.4617, -0.5428, 1.2707, 1.9464, -1.2536, -1.2789
-0.3756, -0.4605, -0.5425, 1.2682, 1.9472, -1.2545, -1.2801
-0.3769, -0.4593, -0.5423, 1.2656, 1.9479, -1.2553, -1.2812
-0.3782, -0.4581, -0.5420, 1.2631, 1.9487, -1.2562, -1.2824
-0.3795, -0.4570, -0.5417, 1.2605, 1.9494, -1.2571, -1.2836
-0.3808, -0.4558, -0.5414, 1.2580, 1.9501, -1.2579, -1.2847
-0.3820, -0.4547, -0.5412, 1.2555, 1.9508, -1.2588, -1.2859
-0.3833, -0.4535, -0.5409, 1.2531, 1.9515, -1.2596, -1.2870
-0.3845, -0.4524, -0.5406, 1.2506, 1.9522, -1.2604, -1.2881
-0.3858, -0.4513, -0.5404, 1.2482, 1.9529, -1.2613, -1.2892
-0.3870, -0.4502, -0.5401, 1.2458, 1.9535, -1.2621, -1.2903
-0.3882, -0.4491, -0.5398, 1.2434, 1.9542, -1.2629, -1.2914
-0.3894, -0.4480, -0.5396, 1.2410, 1.9549, -1.2637, -1.2925
-0.3906, -0.4469, -0.5393, 1.2387, 1.9555, -1.2645, -1.2936
-0.3918, -0.4459, -0.5391, 1.2364, 1.9561, -1.2653, -1.2947
-0.3929, -0.4448, -0.5388, 1.2340, 1.9568, -1.2661, -1.2957
-0.3941, -0.4437, -0.5386, 1.2317, 1.9574, -1.2669, -1.2968
-0.3952, -0.4427, -0.5383, 1.2295, 1.9580, -1.2677, -1.2978
-0.3963, -0.4417, -0.5381, 1.2272, 1.9586, -1.2685, -1.2988
-0.3975, -0.4406, -0.5379, 1.2250, 1.9592, -1.2693, -1.2999
-0.3986, -0.4396, -0.5376, 1.2227, 1.9598, -1.2700, -1.3009
-0.3997, -0.4386, -0.5374, 1.2205, 1.9604, -1.2708, -1.3019
-0.4008, -0.4376, -0.5372, 1.2183, 1.9610, -1.2716, -1.3029
-0.4019, -0.4366, -0.5369, 1.2161, 1.9616, -1.2723, -1.3039
-0.4029, -0.4356, -0.5367, 1.2140, 1.9622, -1.2731, -1.3048
-0.4040, -0.4347, -0.5365, 1.2119, 1.9627, -1.2738, -1.3058
-0.4050, -0.4337, -0.5363, 1.2097, 1.9633, -1.2745, -1.3068
-0.4061, -0.4327, -0.5360, 1.2076, 1.9638, -1.2753, -1.3077
-0.4071, -0.4318, -0.5358, 1.2055, 1.9644, -1.2760, -1.3087
-0.4081, -0.4308, -0.5356, 1.2035, 1.9649, -1.2767, -1.3096
-0.4092, -0.4299, -0.5354, 1.2014, 1.9655, -1.2774, -1.3106
-0.4102, -0.4290, -0.5352, 1.1994, 1.9660, -1.2781, -1.3115
-0.4112, -0.4280, -0.5350, 1.1973, 1.9665, -1.2788, -1.3124
-0.4121, -0.4271, -0.5347, 1.1953, 1.9670, -1.2795, -1.3133
-0.4131, -0.4262, -0.5345, 1.1933, 1.9675, -1.2802, -1.3142
-0.4141, -0.4253, -0.5343, 1.1914, 1.9680, -1.2809, -1.3151
-0.4150, -0.4244, -0.5341, 1.1894, 1.9685, -1.2816, -1.3160
-0.4160, -0.4235, -0.5339, 1.1875, 1.9690, -1.2822, -1.3169
-0.4169, -0.4227, -0.5337, 1.1855, 1.9695, -1.2829, -1.3177
-0.4179, -0.4218, -0.5335, 1.1836, 1.9700, -1.2836, -1.3186
-0.4188, -0.4209, -0.5333, 1.1817, 1.9705, -1.2842, -1.3194
-0.4197, -0.4201, -0.5331, 1.1798, 1.9709, -1.2849, -1.3203
-0.4206, -0.4192, -0.5329, 1.1780, 1.9714, -1.2855, -1.3211
-0.4215, -0.4184, -0.5327, 1.1761, 1.9719, -1.2862, -1.3220
-0.4224, -0.4175, -0.5326, 1.1743, 1.9723, -1.2868, -1.3228
-0.4233, -0.4167, -0.5324, 1.1725, 1.9728, -1.2875, -1.3236
-0.4242, -0.4159, -0.5322, 1.1707, 1.9732, -1.2881, -1.3244
-0.4250, -0.4151, -0.5320, 1.1689, 1.9737, -1.2887, -1.3252
-0.4259, -0.4143, -0.5318, 1.1671, 1.9741, -1.2893, -1.3260
-0.4267, -0.4135, -0.5316, 1.1653, 1.9745, -1.2900, -1.3268
-0.4276, -0.4127, -0.5315, 1.1636, 1.9749, -1.2906, -1.3276
-0.4284, -0.4119, -0.5313, 1.1619, 1.9754, -1.2912, -1.3284
-0.4292, -0.4111, -0.5311, 1.1601, 1.9758, -1.2918, -1.3291
-0.4300, -0.4103, -0.5309, 1.1584, 1.9762, -1.2924, -1.3299
-0.4309, -0.4096, -0.5308, 1.1567, 1.9766, -1.2930, -1.3306
-0.4317, -0.4088, -0.5306, 1.1551, 1.9770, -1.2935, -1.3314
-0.4325, -0.4081, -0.5304, 1.1534, 1.9774, -1.2941, -1.3321
-0.4332, -0.4073, -0.5303, 1.1517, 1.9778, -1.2947, -1.3329
-0.4340, -0.4066, -0.5301, 1.1501, 1.9782, -1.2953, -1.3336
-0.4348, -0.4058, -0.5299, 1.1485, 1.9786, -1.2958, -1.3343
-0.4356, -0.4051, -0.5298, 1.1469, 1.9789, -1.2964, -1.3350
-0.4363, -0.4044, -0.5296, 1.1453, 1.9793, -1.2970, -1.3358
-0.4371, -0.4037, -0.5294, 1.1437, 1.9797, -1.2975, -1.3365
-0.4378, -0.4030, -0.5293, 1.1421, 1.9800, -1.2981, -1.3372
-0.4386, -0.4023, -0.5291, 1.1406, 1.9804, -1.2986, -1.3379
-0.4393, -0.4016, -0.5290, 1.1390, 1.9808, -1.2991, -1.3385
-0.4400, -0.4009, -0.5288, 1.1375, 1.9811, -1.2997, -1.3392
-0.4407, -0.4002, -0.5287, 1.1360, 1.9815, -1.3002, -1.3399
-0.4414, -0.3995, -0.5285, 1.1345, 1.9818, -1.3007, -1.3406
-0.4421, -0.3988, -0.5284, 1.1330, 1.9822, -1.3013, -1.3412
-0.4428, -0.3981, -0.5282, 1.1315, 1.9825, -1.3018, -1.3419
-0.4435, -0.3975, -0.5281, 1.1301, 1.9828, -1.3023, -1.3425
-0.4442, -0.3968, -0.5279, 1.1286, 1.9832, -1.3028, -1.3432
-0.4449, -0.3962, -0.5278, 1.1272, 1.9835, -1.3033, -1.3438
-0.4456, -0.3955, -0.5277, 1.1257, 1.9838, -1.3038, -1.3445
-0.4462, -0.3949, -0.5275, 1.1243, 1.9841, -1.3043, -1.3451
-0.4469, -0.3943, -0.5274, 1.1229, 1.9845, -1.3048, -1.3457
-0.4475, -0.3936, -0.5272, 1.1215, 1.9848, -1.3053, -1.3463
-0.4482, -0.3930, -0.5271, 1.1201, 1.9851, -1.3058, -1.3469
-0.4488, -0.3924, -0.5270, 1.1188, 1.9854, -1.3062, -1.3475
-0.4495, -0.3918, -0.5268, 1.1174, 1.9857, -1.3067, -1.3481
-0.4501, -0.3912, -0.5267, 1.1161, 1.9860, -1.3072, -1.3487
-0.4507, -0.3906, -0.5266, 1.1147, 1.9863, -1.3077, -1.3493
-0.4513, -0.3900, -0.5264, 1.1134, 1.9866, -1.3081, -1.3499
-0.4519, -0.3894, -0.5263, 1.1121, 1.9869, -1.3086, -1.3505
-0.4525, -0.3888, -0.5262, 1.1108, 1.9872, -1.3090, -1.3511
-0.4531, -0.3882, -0.5260, 1.1095, 1.9874, -1.3095, -1.3516
-0.4537, -0.3876, -0.5259, 1.1082, 1.9877, -1.3099, -1.3522
-0.4543, -0.3870, -0.5258, 1.1070, 1.9880, -1.3104, -1.3528
-0.4549, -0.3865, -0.5257, 1.1057, 1.9883, -1.3108, -1.3533
-0.4555, -0.3859, -0.5256, 1.1045, 1.9885, -1.3113, -1.3539
-0.4561, -0.3854, -0.5254, 1.1032, 1.9888, -1.3117, -1.3544
-0.4566, -0.3848, -0.5253, 1.1020, 1.9891, -1.3121, -1.3549
-0.4572, -0.3843, -0.5252, 1.1008, 1.9893, -1.3126, -1.3555
-0.4577, -0.3837, -0.5251, 1.0996, 1.9896, -1.3130, -1.3560
-0.4583, -0.3832, -0.5250, 1.0984, 1.9899, -1.3134, -1.3565
-0.4588, -0.3826, -0.5248, 1.0972, 1.9901, -1.3138, -1.3571
-0.4594, -0.3821, -0.5247, 1.0961, 1.9904, -1.3142, -1.3576
-0.4599, -0.3816, -0.5246, 1.0949, 1.9906, -1.3146, -1.3581
-0.4604, -0.3811, -0.5245, 1.0937, 1.9909, -1.3150, -1.3586
-0.4610, -0.3806, -0.5244, 1.0926, 1.9911, -1.3154, -1.3591
-0.4615, -0.3800, -0.5243, 1.0915, 1.9913, -1.3158, -1.3596
-0.4620, -0.3795, -0.5242, 1.0903, 1.9916, -1.3162, -1.3601
-0.4625, -0.3790, -0.5241, 1.0892, 1.9918, -1.3166, -1.3606
-0.4630, -0.3785, -0.5240, 1.0881, 1.9920, -1.3170, -1.3611
-0.4635, -0.3781, -0.5239, 1.0870, 1.9923, -1.3174, -1.3615
-0.5264, -0.3335, -0.4875, 0.9727, 1.9899, -1.3679, -1.4071
-0.5240, -0.3406, -0.4894, 0.9827, 1.9841, -1.3579, -1.3987
-0.5216, -0.3476, -0.4914, 0.9927, 1.9783, -1.3479, -1.3903
-0.5193, -0.3545, -0.4934, 1.0027, 1.9724, -1.3379, -1.3820
-0.5171, -0.3612, -0.4954, 1.0127, 1.9664, -1.3279, -1.3737
-0.5149, -0.3677, -0.4974, 1.0227, 1.9603, -1.3179, -1.3654
-0.5128, -0.3741, -0.4995, 1.0327, 1.9541, -1.3079, -1.3572
-0.5107, -0.3804, -0.5016, 1.0427, 1.9479, -1.2979, -1.3489
-0.5087, -0.3865, -0.5037, 1.0527, 1.9416, -1.2879, -1.3406
-0.5068, -0.3925, -0.5058, 1.0627, 1.9352, -1.2779, -1.3324
-0.5049, -0.3984, -0.5079, 1.0726, 1.9287, -1.2679, -1.3242
-0.5031, -0.4041, -0.5101, 1.0824, 1.9221, -1.2579, -1.3160
-0.5013, -0.4097, -0.5123, 1.0919, 1.9155, -1.2479, -1.3077
-0.4996, -0.4152, -0.5145, 1.1012, 1.9088, -1.2379, -1.2995
-0.4979, -0.4206, -0.5167, 1.1103, 1.9020, -1.2279, -1.2913
-0.4963, -0.4258, -0.5190, 1.1192, 1.8951, -1.2179, -1.2831
-0.4947, -0.4309, -0.5213, 1.1279, 1.8882, -1.2079, -1.2748
-0.4932, -0.4359, -0.5236, 1.1364, 1.8812, -1.1979, -1.2666
-0.4917, -0.4408, -0.5259, 1.1447, 1.8741, -1.1879, -1.2583
-0.4903, -0.4455, -0.5282, 1.1529, 1.8670, -1.1779, -1.2501
-0.4889, -0.4502, -0.5306, 1.1608, 1.8597, -1.1679, -1.2418
-0.4876, -0.4547, -0.5330, 1.1686, 1.8524, -1.1579, -1.2334
-0.4863, -0.4592, -0.5354, 1.1762, 1.8451, -1.1479, -1.2251
-0.4850, -0.4635, -0.5378, 1.1836, 1.8377, -1.1379, -1.2167
-0.4838, -0.4677, -0.5402, 1.1909, 1.8302, -1.1279, -1.2083
-0.4826, -0.4718, -0.5427, 1.1979, 1.8226, -1.1179, -1.1999
-0.4814, -0.4758, -0.5452, 1.2049, 1.8150, -1.1079, -1.1914
-0.4803, -0.4797, -0.5477, 1.2116, 1.8073, -1.0979, -1.1829
-0.4793, -0.4835, -0.5503, 1.2182, 1.7995, -1.0879, -1.1744
-0.4782, -0.4872, -0.5528, 1.2246, 1.7917, -1.0779, -1.1658
-0.4772, -0.4908, -0.5554, 1.2309, 1.7837, -1.0679, -1.1572
-0.4762, -0.4944, -0.5580, 1.2371, 1.7758, -1.0579, -1.1486
-0.4753, -0.4978, -0.5606, 1.2430, 1.7677, -1.0479, -1.1399
-0.4744, -0.5011, -0.5632, 1.2489, 1.7596, -1.0379, -1.1311
-0.4735, -0.5043, -0.5659, 1.2545, 1.7515, -1.0279, -1.1223
-0.4727, -0.5074, -0.5686, 1.2601, 1.7432, -1.0179, -1.1134
-0.4719, -0.5105, -0.5713, 1.2655, 1.7349, -1.0079, -1.1045
-0.4711, -0.5134, -0.5740, 1.2707, 1.7265, -0.9979, -1.0956
-0.4704, -0.5163, -0.5767, 1.2758, 1.7181, -0.9879, -1.0865
-0.4697, -0.5191, -0.5795, 1.2808, 1.7096, -0.9779, -1.0775
-0.4690, -0.5217, -0.5822, 1.2856, 1.7010, -0.9679, -1.0683
-0.4683, -0.5243, -0.5850, 1.2903, 1.6923, -0.9579, -1.0591
-0.4677, -0.5268, -0.5878, 1.2949, 1.6836, -0.9479, -1.0498
-0.4671, -0.5292, -0.5906, 1.2993, 1.6748, -0.9379, -1.0405
-0.4665, -0.5316, -0.5935, 1.3036, 1.6659, -0.9279, -1.0311
-0.4651, -0.5341, -0.5962, 1.3085, 1.6572, -0.9188, -1.0216
-0.4633, -0.5367, -0.5988, 1.3136, 1.6488, -0.9102, -1.0120
-0.4614, -0.5393, -0.6015, 1.3187, 1.6402, -0.9017, -1.0023
-0.4595, -0.5418, -0.6042, 1.3238, 1.6316, -0.8933, -0.9926
-0.4576, -0.5442, -0.6069, 1.3287, 1.6230, -0.8849, -0.9829
-0.4557, -0.5466, -0.6096, 1.3337, 1.6142, -0.8766, -0.9730
-0.4538, -0.5490, -0.6123, 1.3385, 1.6055, -0.8683, -0.9631
-0.4518, -0.5513, -0.6150, 1.3434, 1.5966, -0.8601, -0.9531
-0.4499, -0.5535, -0.6177, 1.3481, 1.5877, -0.8522, -0.9431
-0.4479, -0.5557, -0.6204, 1.3528, 1.5788, -0.8444, -0.9331
-0.4459, -0.5579, -0.6231, 1.3575, 1.5698, -0.8368, -0.9231
-0.4439, -0.5600, -0.6258, 1.3621, 1.5607, -0.8294, -0.9131
-0.4420, -0.5621, -0.6285, 1.3667, 1.5515, -0.8221, -0.9031
-0.4400, -0.5641, -0.6312, 1.3712, 1.5424, -0.8150, -0.8931
-0.4380, -0.5661, -0.6339, 1.3757, 1.5333, -0.8080, -0.8831
-0.4360, -0.5681, -0.6365, 1.3801, 1.5242, -0.8013, -0.8731
-0.4341, -0.5700, -0.6392, 1.3844, 1.5152, -0.7946, -0.8631
-0.4321, -0.5719, -0.6418, 1.3888, 1.5061, -0.7882, -0.8531
-0.4302, -0.5738, -0.6444, 1.3931, 1.4971, -0.7819, -0.8432
-0.4282, -0.5756, -0.6470, 1.3973, 1.4881, -0.7757, -0.8332
-0.4263, -0.5774, -0.6496, 1.4015, 1.4792, -0.7697, -0.8232
-0.4244, -0.5792, -0.6521, 1.4056, 1.4702, -0.7639, -0.8133
-0.4225, -0.5809, -0.6546, 1.4098, 1.4613, -0.7582, -0.8033
-0.4207, -0.5826, -0.6571, 1.4138, 1.4524, -0.7526, -0.7933
-0.4188, -0.5843, -0.6596, 1.4178, 1.4435, -0.7472, -0.7834
-0.4170, -0.5860, -0.6620, 1.4218, 1.4346, -0.7419, -0.7734
-0.4152, -0.5877, -0.6644, 1.4258, 1.4258, -0.7368, -0.7635
-0.4135, -0.5893, -0.6668, 1.4297, 1.4169, -0.7318, -0.7535
-0.4118, -0.5909, -0.6691, 1.4335, 1.4081, -0.7270, -0.7436
-0.4101, -0.5925, -0.6713, 1.4374, 1.3993, -0.7223, -0.7337
-0.4084, -0.5941, -0.6736, 1.4412, 1.3905, -0.7177, -0.7237
-0.4068, -0.5957, -0.6757, 1.4449, 1.3817, -0.7133, -0.7138
-0.4052, -0.5973, -0.6779, 1.4486, 1.3730, -0.7090, -0.7039
-0.4036, -0.5989, -0.6799, 1.4523, 1.3642, -0.7048, -0.6940
-0.4021, -0.6004, -0.6820, 1.4559, 1.3555, -0.7009, -0.6840
-0.4006, -0.6019, -0.6839, 1.4595, 1.3469, -0.6971, -0.6739
-0.3992, -0.6034, -0.6858, 1.4630, 1.3382, -0.6935, -0.6639
-0.3978, -0.6049, -0.6877, 1.4665, 1.3295, -0.6899, -0.6539
-0.3965, -0.6064, -0.6894, 1.4700, 1.3209, -0.6865, -0.6439
-0.3952, -0.6079, -0.6912, 1.4734, 1.3122, -0.6832, -0.6339
-0.3939, -0.6095, -0.6928, 1.4768, 1.3036, -0.6801, -0.6239
-0.3927, -0.6110, -0.6944, 1.4801, 1.2950, -0.6771, -0.6140
-0.3916, -0.6125, -0.6959, 1.4835, 1.2864, -0.6742, -0.6040
-0.3905, -0.6140, -0.6974, 1.4868, 1.2778, -0.6714, -0.5940
-0.3894, -0.6156, -0.6988, 1.4900, 1.2692, -0.6687, -0.5840
-0.3884, -0.6171, -0.7001, 1.4933, 1.2606, -0.6662, -0.5741
-0.3875, -0.6187, -0.7014, 1.4965, 1.2521, -0.6638, -0.5641
-0.3866, -0.6202, -0.7026, 1.4997, 1.2435, -0.6615, -0.5542
-0.3857, -0.6218, -0.7037, 1.5028, 1.2350, -0.6593, -0.5442
-0.3849, -0.6234, -0.7047, 1.5060, 1.2264, -0.6573, -0.5343
-0.3842, -0.6250, -0.7057, 1.5091, 1.2179, -0.6554, -0.5243
-0.3835, -0.6266, -0.7066, 1.5121, 1.2094, -0.6535, -0.5144
-0.3829, -0.6283, -0.7074, 1.5152, 1.2009, -0.6518, -0.5045
-0.3823, -0.6299, -0.7082, 1.5182, 1.1924, -0.6502, -0.4946
-0.3818, -0.6316, -0.7088, 1.5212, 1.1839, -0.6487, -0.4847
-0.3813, -0.6333, -0.7094, 1.5242, 1.1754, -0.6473, -0.4748
-0.3809, -0.6350, -0.7100, 1.5271, 1.1669, -0.6461, -0.4649
-0.3805, -0.6367, -0.7104, 1.5301, 1.1584, -0.6449, -0.4550
-0.3802, -0.6384, -0.7108, 1.5330, 1.1499, -0.6438, -0.4451
-0.3800, -0.6402, -0.7111, 1.5359, 1.1415, -0.6428, -0.4352
-0.3798, -0.6419, -0.7114, 1.5387, 1.1330, -0.6420, -0.4253
-0.3796, -0.6437, -0.7116, 1.5416, 1.1246, -0.6412, -0.4155
-0.3795, -0.6455, -0.7117, 1.5444, 1.1161, -0.6405, -0.4056
-0.3794, -0.6473, -0.7117, 1.5472, 1.1077, -0.6400, -0.3958
-0.3794, -0.6492, -0.7117, 1.5500, 1.0993, -0.6395, -0.3859
-0.3794, -0.6510, -0.7116, 1.5528, 1.0909, -0.6391, -0.3761
-0.3795, -0.6529, -0.7115, 1.5556, 1.0825, -0.6388, -0.3662
-0.3796, -0.6548, -0.7113, 1.5583, 1.0741, -0.6385, -0.3564
-0.3798, -0.6567, -0.7110, 1.5610, 1.0657, -0.6384, -0.3466
-0.3800, -0.6586, -0.7107, 1.5638, 1.0573, -0.6383, -0.3368
-0.3802, -0.6605, -0.7104, 1.5665, 1.0490, -0.6384, -0.3270
-0.3805, -0.6625, -0.7099, 1.5692, 1.0406, -0.6385, -0.3172
-0.3808, -0.6645, -0.7095, 1.5718, 1.0322, -0.6386, -0.3074
-0.3811, -0.6664, -0.7089, 1.5745, 1.0239, -0.6389, -0.2977
-0.3815, -0.6684, -0.7084, 1.5772, 1.0156, -0.6392, -0.2881
-0.3819, -0.6704, -0.7078, 1.5798, 1.0072, -0.6396, -0.2786
-0.3823, -0.6724, -0.7071, 1.5825, 0.9989, -0.6400, -0.2692
-0.3828, -0.6744, -0.7064, 1.5851, 0.9906, -0.6405, -0.2599
-0.3833, -0.6765, -0.7057, 1.5877, 0.9823, -0.6411, -0.2508
-0.3838, -0.6785, -0.7049, 1.5903, 0.9741, -0.6418, -0.2417
-0.3844, -0.6806, -0.7041, 1.5929, 0.9658, -0.6425, -0.2328
-0.3849, -0.6826, -0.7032, 1.5956, 0.9575, -0.6432, -0.2240
-0.3855, -0.6847, -0.7023, 1.5982, 0.9493, -0.6440, -0.2154
-0.3861, -0.6868, -0.7014, 1.6007, 0.9411, -0.6449, -0.2068
-0.3868, -0.6889, -0.7005, 1.6033, 0.9329, -0.6458, -0.1984
-0.3874, -0.6910, -0.6995, 1.6059, 0.9246, -0.6467, -0.1901
-0.3881, -0.6931, -0.6985, 1.6085, 0.9164, -0.6477, -0.1819
-0.3888, -0.6952, -0.6975, 1.6111, 0.9083, -0.6488, -0.1738
-0.3895, -0.6974, -0.6965, 1.6137, 0.9001, -0.6498, -0.1659
-0.3902, -0.6995, -0.6954, 1.6162, 0.8919, -0.6509, -0.1580
-0.3909, -0.7016, -0.6943, 1.6188, 0.8838, -0.6521, -0.1503
-0.3916, -0.7038, -0.6932, 1.6214, 0.8757, -0.6533, -0.1427
-0.3924, -0.7059, -0.6921, 1.6239, 0.8675, -0.6545, -0.1352
-0.3931, -0.7081, -0.6910, 1.6265, 0.8594, -0.6558, -0.1279
-0.3939, -0.7102, -0.6899, 1.6291, 0.8514, -0.6570, -0.1206
-0.3947, -0.7124, -0.6887, 1.6316, 0.8433, -0.6584, -0.1134
-0.3955, -0.7146, -0.6875, 1.6342, 0.8352, -0.6597, -0.1064
-0.3962, -0.7168, -0.6864, 1.6367, 0.8272, -0.6611, -0.0995
-0.3970, -0.7190, -0.6852, 1.6393, 0.8191, -0.6624, -0.0927
-0.3978, -0.7212, -0.6840, 1.6419, 0.8111, -0.6639, -0.0860
-0.3986, -0.7233, -0.6828, 1.6444, 0.8031, -0.6653, -0.0793
-0.3994, -0.7255, -0.6816, 1.6470, 0.7951, -0.6667, -0.0728
-0.4003, -0.7278, -0.6804, 1.6496, 0.7872, -0.6682, -0.0664
-0.4011, -0.7300, -0.6792, 1.6521, 0.7792, -0.6697, -0.0602
-0.4019, -0.7322, -0.6780, 1.6547, 0.7713, -0.6712, -0.0540
-0.4027, -0.7344, -0.6768, 1.6572, 0.7633, -0.6727, -0.0479
-0.4035, -0.7366, -0.6755, 1.6598, 0.7554, -0.6742, -0.0419
-0.4043, -0.7388, -0.6743, 1.6624, 0.7475, -0.6757, -0.0360
-0.4051, -0.7411, -0.6731, 1.6650, 0.7397, -0.6773, -0.0302
-0.4059, -0.7433, -0.6719, 1.6675, 0.7318, -0.6788, -0.0244
-0.4068, -0.7455, -0.6707, 1.6701, 0.7241, -0.6804, -0.0188
-0.4076, -0.7477, -0.6695, 1.6726, 0.7164, -0.6819, -0.0133
-0.4084, -0.7499, -0.6683, 1.6751, 0.7089, -0.6834, -0.0078
-0.4093, -0.7521, -0.6671, 1.6777, 0.7014, -0.6850, -0.0025
-0.4101, -0.7543, -0.6659, 1.6801, 0.6940, -0.6865, 0.0028
-0.4110, -0.7565, -0.6647, 1.6826, 0.6868, -0.6881, 0.0080
-0.4118, -0.7587, -0.6635, 1.6851, 0.6796, -0.6896, 0.0131
-0.4127, -0.7609, -0.6623, 1.6875, 0.6725, -0.6911, 0.0182
-0.4136, -0.7631, -0.6611, 1.6899, 0.6655, -0.6926, 0.0231
-0.4145, -0.7652, -0.6600, 1.6923, 0.6585, -0.6941, 0.0280
-0.4154, -0.7674, -0.6588, 1.6947, 0.6517, -0.6956, 0.0328
-0.4162, -0.7695, -0.6576, 1.6971, 0.6449, -0.6971, 0.0376
-0.4171, -0.7716, -0.6565, 1.6994, 0.6383, -0.6986, 0.0422
-0.4180, -0.7738, -0.6553, 1.7018, 0.6317, -0.7000, 0.0468
-0.4189, -0.7759, -0.6542, 1.7041, 0.6252, -0.7015, 0.0514
-0.4198, -0.7780, -0.6531, 1.7064, 0.6187, -0.7029, 0.0559
-0.4208, -0.7801, -0.6520, 1.7087, 0.6123, -0.7044, 0.0603
-0.4217, -0.7821, -0.6508, 1.7109, 0.6061, -0.7058, 0.0646
-0.4226, -0.7842, -0.6497, 1.7132, 0.5999, -0.7072, 0.0689
-0.4235, -0.7863, -0.6486, 1.7154, 0.5937, -0.7086, 0.0731
-0.4244, -0.7883, -0.6475, 1.7176, 0.5876, -0.7100, 0.0773
-0.4253, -0.7904, -0.6465, 1.7198, 0.5817, -0.7113, 0.0814
-0.4263, -0.7924, -0.6454, 1.7220, 0.5757, -0.7127, 0.0854
-0.4272, -0.7944, -0.6443, 1.7241, 0.5699, -0.7140, 0.0894
-0.4281, -0.7964, -0.6433, 1.7262, 0.5641, -0.7153, 0.0934
-0.4290, -0.7984, -0.6422, 1.7283, 0.5584, -0.7167, 0.0973
-0.4300, -0.8004, -0.6412, 1.7304, 0.5527, -0.7180, 0.1011
-0.4309, -0.8024, -0.6401, 1.7325, 0.5471, -0.7192, 0.1049
-0.4318, -0.8043, -0.6391, 1.7346, 0.5416, -0.7205, 0.1086
-0.4327, -0.8063, -0.6381, 1.7366, 0.5361, -0.7218, 0.1123
-0.4337, -0.8082, -0.6371, 1.7387, 0.5307, -0.7230, 0.1160
-0.4346, -0.8102, -0.6361, 1.7407, 0.5254, -0.7242, 0.1196
-0.4355, -0.8121, -0.6351, 1.7426, 0.5201, -0.7254, 0.1231
-0.4365, -0.8140, -0.6342, 1.7446, 0.5149, -0.7266, 0.1266
-0.4374, -0.8159, -0.6332, 1.7466, 0.5097, -0.7278, 0.1301
-0.4383, -0.8178, -0.6322, 1.7485, 0.5046, -0.7290, 0.1335
-0.4392, -0.8196, -0.6313, 1.7504, 0.4995, -0.7302, 0.1368
-0.4402, -0.8215, -0.6303, 1.7523, 0.4946, -0.7313, 0.1402
-0.4411, -0.8233, -0.6294, 1.7542, 0.4896, -0.7324, 0.1435
-0.4420, -0.8252, -0.6285, 1.7561, 0.4847, -0.7335, 0.1467
-0.4430, -0.8270, -0.6276, 1.7579, 0.4799, -0.7346, 0.1499
-0.4439, -0.8288, -0.6267, 1.7597, 0.4751, -0.7357, 0.1531
-0.4448, -0.8306, -0.6258, 1.7616, 0.4704, -0.7368, 0.1562
-0.4457, -0.8324, -0.6249, 1.7633, 0.4657, -0.7378, 0.1593
-0.4467, -0.8342, -0.6240, 1.7651, 0.4610, -0.7389, 0.1624
-0.4476, -0.8359, -0.6231, 1.7669, 0.4565, -0.7399, 0.1654
-0.4485, -0.8377, -0.6222, 1.7686, 0.4519, -0.7409, 0.1684
-0.4494, -0.8394, -0.6214, 1.7704, 0.4474, -0.7419, 0.1714
-0.4504, -0.8412, -0.6205, 1.7721, 0.4430, -0.7429, 0.1743
-0.4513, -0.8429, -0.6197, 1.7738, 0.4386, -0.7439, 0.1772
-0.4522, -0.8446, -0.6189, 1.7754, 0.4343, -0.7448, 0.1801
-0.4531, -0.8463, -0.6180, 1.7771, 0.4299, -0.7458, 0.1829
-0.4540, -0.8480, -0.6172, 1.7787, 0.4257, -0.7467, 0.1857
-0.4549, -0.8496, -0.6164, 1.7804, 0.4215, -0.7476, 0.1885
-0.4559, -0.8513, -0.6156, 1.7820, 0.4173, -0.7485, 0.1912
-0.4568, -0.8530, -0.6148, 1.7836, 0.4132, -0.7494, 0.1939
-0.4577, -0.8546, -0.6140, 1.7852, 0.4091, -0.7503, 0.1966
-0.4586, -0.8562, -0.6132, 1.7867, 0.4050, -0.7511, 0.1993
-0.4595, -0.8578, -0.6125, 1.7883, 0.4010, -0.7520, 0.2019
-0.4604, -0.8595, -0.6117, 1.7898, 0.3970, -0.7528, 0.2045
-0.4613, -0.8611, -0.6109, 1.7913, 0.3931, -0.7537, 0.2071
-0.4622, -0.8626, -0.6102, 1.7928, 0.3892, -0.7545, 0.2096
-0.4631, -0.8642, -0.6094, 1.7943, 0.3854, -0.7553, 0.2121
-0.4640, -0.8658, -0.6087, 1.7958, 0.3816, -0.7561, 0.2146
-0.4649, -0.8673, -0.6080, 1.7972, 0.3778, -0.7568, 0.2171
-0.4658, -0.8689, -0.6072, 1.7987, 0.3740, -0.7576, 0.2196
-0.4667, -0.8704, -0.6065, 1.8001, 0.3703, -0.7584, 0.2220
-0.4676, -0.8719, -0.6058, 1.8015, 0.3667, -0.7591, 0.2244
-0.4684, -0.8734, -0.6051, 1.8029, 0.3630, -0.7598, 0.2268
-0.4693, -0.8749, -0.6044, 1.8043, 0.3594, -0.7606, 0.2291
-0.4702, -0.8764, -0.6037, 1.8057, 0.3559, -0.7613, 0.2314
-0.4711, -0.8779, -0.6030, 1.8070, 0.3523, -0.7620, 0.2337
-0.4720, -0.8793, -0.6023, 1.8084, 0.3488, -0.7627, 0.2360
-0.4729, -0.8808, -0.6017, 1.8097, 0.3454, -0.7633, 0.2383
-0.4737, -0.8822, -0.6010, 1.8110, 0.3419, -0.7640, 0.2405
-0.4746, -0.8837, -0.6003, 1.8123, 0.3385, -0.7647, 0.2428
-0.4754, -0.8851, -0.5996, 1.8136, 0.3352, -0.7653, 0.2450
-0.4763, -0.8865, -0.5990, 1.8148, 0.3318, -0.7659, 0.2472
-0.4771, -0.8879, -0.5983, 1.8161, 0.3285, -0.7666, 0.2493
-0.4779, -0.8893, -0.5975, 1.8172, 0.3252, -0.7672, 0.2515
-0.4786, -0.8906, -0.5968, 1.8183, 0.3219, -0.7678, 0.2536
-0.4794, -0.8920, -0.5960, 1.8194, 0.3185, -0.7684, 0.2558
-0.4801, -0.8932, -0.5952, 1.8203, 0.3152, -0.7689, 0.2579
-0.4808, -0.8944, -0.5943, 1.8211, 0.3119, -0.7694, 0.2600
-0.4816, -0.8954, -0.5933, 1.8216, 0.3084, -0.7699, 0.2622
-0.4824, -0.8963, -0.5922, 1.8218, 0.3049, -0.7703, 0.2644
-0.4834, -0.8969, -0.5910, 1.8216, 0.3013, -0.7706, 0.2666
-0.4846, -0.8972, -0.5897, 1.8208, 0.2975, -0.7707, 0.2689
-0.4860, -0.8971, -0.5883, 1.8193, 0.2934, -0.7707, 0.2713
-0.4879, -0.8964, -0.5867, 1.8170, 0.2891, -0.7705, 0.2738
-0.4903, -0.8952, -0.5850, 1.8137, 0.2846, -0.7700, 0.2765
-0.4933, -0.8934, -0.5833, 1.8097, 0.2798, -0.7693, 0.2793
-0.4960, -0.8918, -0.5816, 1.8058, 0.2751, -0.7686, 0.2820
-0.4988, -0.8901, -0.5799, 1.8019, 0.2704, -0.7680, 0.2848
-0.5015, -0.8885, -0.5782, 1.7980, 0.2659, -0.7673, 0.2874
-0.5041, -0.8869, -0.5765, 1.7942, 0.2613, -0.7667, 0.2901
-0.5068, -0.8852, -0.5749, 1.7904, 0.2568, -0.7660, 0.2927
-0.5094, -0.8836, -0.5732, 1.7865, 0.2524, -0.7653, 0.2953
-0.5120, -0.8820, -0.5716, 1.7827, 0.2480, -0.7647, 0.2979
-0.5146, -0.8804, -0.5700, 1.7790, 0.2436, -0.7640, 0.3004
-0.5171, -0.8788, -0.5684, 1.7752, 0.2393, -0.7633, 0.3030
-0.5196, -0.8772, -0.5668, 1.7714, 0.2351, -0.7627, 0.3055
-0.5221, -0.8757, -0.5652, 1.7677, 0.2309, -0.7620, 0.3079
-0.5251, -0.8737, -0.5636, 1.7634, 0.2265, -0.7612, 0.3105
-0.5284, -0.8714, -0.5622, 1.7587, 0.2221, -0.7602, 0.3131
-0.5318, -0.8691, -0.5608, 1.7539, 0.2178, -0.7593, 0.3157
-0.5351, -0.8669, -0.5593, 1.7493, 0.2135, -0.7583, 0.3183
-0.5383, -0.8646, -0.5579, 1.7446, 0.2093, -0.7574, 0.3208
-0.5415, -0.8624, -0.5565, 1.7400, 0.2051, -0.7565, 0.3233
-0.5447, -0.8602, -0.5551, 1.7354, 0.2009, -0.7555, 0.3258
-0.5478, -0.8580, -0.5537, 1.7308, 0.1968, -0.7546, 0.3282
-0.5509, -0.8559, -0.5523, 1.7263, 0.1928, -0.7537, 0.3306
-0.5539, -0.8537, -0.5509, 1.7218, 0.1888, -0.7528, 0.3330
-0.5569, -0.8516, -0.5496, 1.7173, 0.1848, -0.7519, 0.3354
-0.5600, -0.8494, -0.5483, 1.7128, 0.1809, -0.7509, 0.3378
-0.5631, -0.8473, -0.5470, 1.7083, 0.1771, -0.7500, 0.3401
-0.5661, -0.8451, -0.5457, 1.7038, 0.1732, -0.7491, 0.3424
-0.5691, -0.8430, -0.5445, 1.6994, 0.1694, -0.7481, 0.3447
-0.5720, -0.8409, -0.5432, 1.6950, 0.1657, -0.7472, 0.3469
-0.5750, -0.8388, -0.5420, 1.6906, 0.1620, -0.7463, 0.3492
-0.5778, -0.8367, -0.5407, 1.6862, 0.1584, -0.7454, 0.3514
-0.5807, -0.8347, -0.5395, 1.6819, 0.1547, -0.7444, 0.3536
-0.5835, -0.8326, -0.5383, 1.6776, 0.1512, -0.7435, 0.3558
-0.5863, -0.8306, -0.5371, 1.6733, 0.1476, -0.7426, 0.3579
-0.5891, -0.8285, -0.5359, 1.6690, 0.1441, -0.7417, 0.3600
-0.5918, -0.8265, -0.5347, 1.6648, 0.1407, -0.7408, 0.3621
-0.5945, -0.8245, -0.5336, 1.6605, 0.1372, -0.7399, 0.3642
-0.5972, -0.8226, -0.5324, 1.6563, 0.1339, -0.7390, 0.3663
-0.5998, -0.8206, -0.5312, 1.6522, 0.1305, -0.7381, 0.3683
-0.6024, -0.8186, -0.5301, 1.6480, 0.1272, -0.7372, 0.3704
-0.6050, -0.8167, -0.5290, 1.6439, 0.1239, -0.7363, 0.3724
-0.6076, -0.8148, -0.5279, 1.6398, 0.1207, -0.7354, 0.3744
-0.6101, -0.8129, -0.5267, 1.6357, 0.1175, -0.7345, 0.3763
-0.6126, -0.8110, -0.5256, 1.6317, 0.1143, -0.7336, 0.3783
-0.6151, -0.8091, -0.5245, 1.6277, 0.1111, -0.7327, 0.3802
-0.6175, -0.8072, -0.5235, 1.6237, 0.1080, -0.7318, 0.3821
-0.6200, -0.8053, -0.5224, 1.6197, 0.1049, -0.7309, 0.3840
-0.6224, -0.8035, -0.5213, 1.6157, 0.1019, -0.7301, 0.3859
-0.6247, -0.8017, -0.5203, 1.6118, 0.0989, -0.7292, 0.3878
-0.6271, -0.7998, -0.5192, 1.6079, 0.0959, -0.7283, 0.3896
-0.6294, -0.7980, -0.5182, 1.6040, 0.0929, -0.7275, 0.3915
-0.6317, -0.7962, -0.5171, 1.6002, 0.0900, -0.7266, 0.3933
-0.6339, -0.7944, -0.5161, 1.5963, 0.0871, -0.7257, 0.3951
-0.6362, -0.7927, -0.5151, 1.5925, 0.0842, -0.7249, 0.3969
-0.6384, -0.7909, -0.5141, 1.5887, 0.0814, -0.7240, 0.3986
-0.6406, -0.7892, -0.5131, 1.5850, 0.0786, -0.7232, 0.4004
-0.6428, -0.7874, -0.5121, 1.5812, 0.0758, -0.7223, 0.4021
-0.6449, -0.7857, -0.5112, 1.5775, 0.0731, -0.7215, 0.4038
-0.6470, -0.7840, -0.5102, 1.5738, 0.0703, -0.7206, 0.4055
-0.6491, -0.7823, -0.5092, 1.5702, 0.0676, -0.7198, 0.4072
-0.6512, -0.7806, -0.5083, 1.5665, 0.0650, -0.7190, 0.4089
-0.6533, -0.7789, -0.5073, 1.5629, 0.0623, -0.7181, 0.4106
-0.6553, -0.7773, -0.5064, 1.5593, 0.0597, -0.7173, 0.4122
-0.6573, -0.7756, -0.5055, 1.5557, 0.0571, -0.7165, 0.4138
-0.6593, -0.7740, -0.5045, 1.5522, 0.0545, -0.7156, 0.4154
-0.6613, -0.7724, -0.5036, 1.5487, 0.0520, -0.7148, 0.4171
-0.6632, -0.7707, -0.5027, 1.5452, 0.0495, -0.7140, 0.4186
-0.6651, -0.7691, -0.5018, 1.5417, 0.0470, -0.7132, 0.4202
-0.6671, -0.7675, -0.5009, 1.5382, 0.0445, -0.7124, 0.4218
-0.6689, -0.7660, -0.5001, 1.5348, 0.0421, -0.7116, 0.4233
-0.6708, -0.7644, -0.4992, 1.5314, 0.0396, -0.7108, 0.4249
-0.6727, -0.7628, -0.4983, 1.5280, 0.0372, -0.7100, 0.4264
-0.6745, -0.7613, -0.4975, 1.5246, 0.0349, -0.7092, 0.4279
-0.6763, -0.7598, -0.4966, 1.5213, 0.0325, -0.7084, 0.4294
-0.6781, -0.7582, -0.4958, 1.5180, 0.0302, -0.7076, 0.4309
-0.6799, -0.7567, -0.4950, 1.5147, 0.0279, -0.7068, 0.4324
-0.6816, -0.7552, -0.4941, 1.5114, 0.0256, -0.7061, 0.4338
-0.6833, -0.7537, -0.4933, 1.5082, 0.0233, -0.7053, 0.4353
-0.6851, -0.7522, -0.4925, 1.5049, 0.0211, -0.7045, 0.4367
-0.6868, -0.7508, -0.4917, 1.5017, 0.0188, -0.7037, 0.4381
-0.6884, -0.7493, -0.4909, 1.4986, 0.0166, -0.7030, 0.4396
-0.6901, -0.7479, -0.4901, 1.4954, 0.0145, -0.7022, 0.4410
-0.6917, -0.7464, -0.4893, 1.4923, 0.0123, -0.7015, 0.4424
-0.6934, -0.7450, -0.4885, 1.4891, 0.0102, -0.7007, 0.4437
-0.6950, -0.7436, -0.4878, 1.4860, 0.0080, -0.7000, 0.4451
-0.6966, -0.7422, -0.4870, 1.4830, 0.0059, -0.6992, 0.4465
-0.6982, -0.7408, -0.4863, 1.4799, 0.0039, -0.6985, 0.4478
-0.6997, -0.7394, -0.4855, 1.4769, 0.0018, -0.6977, 0.4491
-0.7013, -0.7380, -0.4848, 1.4739, -0.0003, -0.6970, 0.4505
-0.7028, -0.7367, -0.4840, 1.4709, -0.0023, -0.6963, 0.4518
-0.7043, -0.7353, -0.4833, 1.4679, -0.0043, -0.6955, 0.4531
-0.7058, -0.7340, -0.4826, 1.4650, -0.0063, -0.6948, 0.4544
-0.7073, -0.7326, -0.4819, 1.4621, -0.0082, -0.6941, 0.4557
-0.7087, -0.7313, -0.4812, 1.4592, -0.0102, -0.6934, 0.4569
-0.7102, -0.7300, -0.4805, 1.4563, -0.0121, -0.6927, 0.4582
-0.7116, -0.7287, -0.4798, 1.4534, -0.0140, -0.6920, 0.4595
-0.7130, -0.7274, -0.4791, 1.4506, -0.0159, -0.6913, 0.4607
-0.7145, -0.7261, -0.4784, 1.4478, -0.0178, -0.6906, 0.4619
-0.7158, -0.7248, -0.4777, 1.4450, -0.0197, -0.6899, 0.4631
-0.7172, -0.7236, -0.4770, 1.4422, -0.0215, -0.6892, 0.4644
-0.7186, -0.7223, -0.4764, 1.4395, -0.0234, -0.6885, 0.4656
-0.7199, -0.7211, -0.4757, 1.4367, -0.0252, -0.6878, 0.4668
-0.7213, -0.7198, -0.4751, 1.4340, -0.0270, -0.6871, 0.4679
-0.7226, -0.7186, -0.4744, 1.4313, -0.0287, -0.6864, 0.4691
-0.7239, -0.7174, -0.4738, 1.4286, -0.0305, -0.6858, 0.4703
-0.7252, -0.7162, -0.4731, 1.4260, -0.0323, -0.6851, 0.4714
-0.7265, -0.7150, -0.4725, 1.4233, -0.0340, -0.6844, 0.4726
-0.7277, -0.7138, -0.4719, 1.4207, -0.0357, -0.6838, 0.4737
-0.7290, -0.7126, -0.4713, 1.4181, -0.0374, -0.6831, 0.4749
-0.7302, -0.7114, -0.4707, 1.4156, -0.0391, -0.6825, 0.4760
-0.7315, -0.7103, -0.4700, 1.4130, -0.0408, -0.6818, 0.4771
-0.7327, -0.7091, -0.4694, 1.4105, -0.0424, -0.6812, 0.4782
-0.7339, -0.7080, -0.4689, 1.4079, -0.0440, -0.6805, 0.4793
-0.7351, -0.7069, -0.4683, 1.4054, -0.0457, -0.6799, 0.4804
-0.7362, -0.7057, -0.4677, 1.4030, -0.0473, -0.6793, 0.4814
-0.7374, -0.7046, -0.4671, 1.4005, -0.0489, -0.6786, 0.4825
-0.7386, -0.7035, -0.4665, 1.3981, -0.0505, -0.6780, 0.4836
-0.7397, -0.7024, -0.4660, 1.3956, -0.0520, -0.6774, 0.4846
-0.7408, -0.7013, -0.4654, 1.3932, -0.0536, -0.6768, 0.4857
-0.7420, -0.7002, -0.4648, 1.3909, -0.0551, -0.6762, 0.4867
-0.7431, -0.6991, -0.4643, 1.3885, -0.0566, -0.6756, 0.4877
-0.7442, -0.6981, -0.4637, 1.3861, -0.0582, -0.6750, 0.4887
-0.7453, -0.6970, -0.4632, 1.3838, -0.0597, -0.6744, 0.4898
-0.7463, -0.6960, -0.4626, 1.3815, -0.0611, -0.6738, 0.4908
-0.7474, -0.6949, -0.4621, 1.3792, -0.0626, -0.6732, 0.4918
-0.7484, -0.6939, -0.4616, 1.3769, -0.0641, -0.6726, 0.4927
-0.7495, -0.6929, -0.4611, 1.3747, -0.0655, -0.6720, 0.4937
-0.7505, -0.6919, -0.4605, 1.3724, -0.0669, -0.6714, 0.4947
-0.7515, -0.6909, -0.4600, 1.3702, -0.0684, -0.6708, 0.4957
-0.7526, -0.6898, -0.4595, 1.3680, -0.0698, -0.6703, 0.4966
-0.7536, -0.6889, -0.4590, 1.3658, -0.0712, -0.6697, 0.4976
-0.7545, -0.6879, -0.4585, 1.3636, -0.0726, -0.6691, 0.4985
-0.7555, -0.6869, -0.4580, 1.3615, -0.0739, -0.6686, 0.4994
-0.7565, -0.6859, -0.4575, 1.3593, -0.0753, -0.6680, 0.5004
-0.7575, -0.6850, -0.4570, 1.3572, -0.0766, -0.6674, 0.5013
-0.7584, -0.6840, -0.4566, 1.3551, -0.0780, -0.6669, 0.5022
-0.7593, -0.6831, -0.4561, 1.3530, -0.0793, -0.6663, 0.5031
-0.7603, -0.6821, -0.4556, 1.3510, -0.0806, -0.6658, 0.5040
-0.7612, -0.6812, -0.4551, 1.3489, -0.0819, -0.6653, 0.5049
-0.7621, -0.6803, -0.4547, 1.3469, -0.0832, -0.6647, 0.5058
-0.7630, -0.6794, -0.4542, 1.3448, -0.0844, -0.6642, 0.5066
-0.7639, -0.6785, -0.4538, 1.3428, -0.0857, -0.6637, 0.5075
-0.7648, -0.6776, -0.4533, 1.3408, -0.0870, -0.6631, 0.5084
-0.7657, -0.6767, -0.4529, 1.3389, -0.0882, -0.6626, 0.5092
-0.7665, -0.6758, -0.4524, 1.3369, -0.0894, -0.6621, 0.5101
-0.7674, -0.6749, -0.4520, 1.3350, -0.0907, -0.6616, 0.5109
-0.7683, -0.6740, -0.4516, 1.3331, -0.0919, -0.6611, 0.5117
-0.7691, -0.6732, -0.4511, 1.3311, -0.0931, -0.6606, 0.5126
-0.7699, -0.6723, -0.4507, 1.3292, -0.0942, -0.6601, 0.5134
-0.7708, -0.6714, -0.4503, 1.3274, -0.0954, -0.6596, 0.5142
-0.7716, -0.6706, -0.4499, 1.3255, -0.0966, -0.6591, 0.5150
-0.7724, -0.6698, -0.4494, 1.3237, -0.0977, -0.6586, 0.5158
-0.7732, -0.6689, -0.4490, 1.3218, -0.0989, -0.6581, 0.5166
-0.7740, -0.6681, -0.4486, 1.3200, -0.1000, -0.6576, 0.5174
-0.7747, -0.6673, -0.4482, 1.3182, -0.1011, -0.6571, 0.5182
-0.7755, -0.6665, -0.4478, 1.3164, -0.1023, -0.6566, 0.5190
-0.7763, -0.6657, -0.4474, 1.3146, -0.1034, -0.6562, 0.5197
-0.7771, -0.6649, -0.4470, 1.3129, -0.1045, -0.6557, 0.5205
-0.7778, -0.6641, -0.4467, 1.3111, -0.1055, -0.6552, 0.5212
-0.7786, -0.6633, -0.4463, 1.3094, -0.1066, -0.6548, 0.5220
-0.7793, -0.6625, -0.4459, 1.3077, -0.1077, -0.6543, 0.5227
-0.7800, -0.6618, -0.4455, 1.3060, -0.1087, -0.6538, 0.5235
-0.7807, -0.6610, -0.4451, 1.3043, -0.1098, -0.6534, 0.5242
-0.7815, -0.6603, -0.4448, 1.3026, -0.1108, -0.6529, 0.5249
-0.7822, -0.6595, -0.4444, 1.3010, -0.1119, -0.6525, 0.5257
-0.7829, -0.6588, -0.4440, 1.2993, -0.1129, -0.6520, 0.5264
-0.7836, -0.6580, -0.4437, 1.2977, -0.1139, -0.6516, 0.5271
-0.7842, -0.6573, -0.4433, 1.2961, -0.1149, -0.6512, 0.5278
-0.7849, -0.6566, -0.4430, 1.2945, -0.1159, -0.6507, 0.5285
-0.7856, -0.6558, -0.4426, 1.2929, -0.1169, -0.6503, 0.5292
-0.7863, -0.6551, -0.4423, 1.2913, -0.1178, -0.6499, 0.5299
-0.7869, -0.6544, -0.4419, 1.2898, -0.1188, -0.6495, 0.5305
-0.7876, -0.6537, -0.4416, 1.2882, -0.1198, -0.6490, 0.5312
-0.7882, -0.6530, -0.4413, 1.2867, -0.1207, -0.6486, 0.5319
-0.7889, -0.6523, -0.4409, 1.2852, -0.1216, -0.6482, 0.5326
-0.7895, -0.6517, -0.4406, 1.2836, -0.1226, -0.6478, 0.5332
-0.7901, -0.6510, -0.4403, 1.2821, -0.1235, -0.6474, 0.5339
-0.7907, -0.6503, -0.4399, 1.2807, -0.1244, -0.6470, 0.5345
-0.7914, -0.6496, -0.4396, 1.2792, -0.1253, -0.6466, 0.5352
-0.7920, -0.6490, -0.4393, 1.2777, -0.1262, -0.6462, 0.5358
-0.7926, -0.6483, -0.4390, 1.2763, -0.1271, -0.6458, 0.5364
-0.7932, -0.6477, -0.4387, 1.2748, -0.1280, -0.6454, 0.5371
-0.7938, -0.6470, -0.4384, 1.2734, -0.1289, -0.6450, 0.5377
-0.7943, -0.6464, -0.4381, 1.2720, -0.1297, -0.6446, 0.5383
-0.7949, -0.6458, -0.4378, 1.2706, -0.1306, -0.6442, 0.5389
-0.7955, -0.6451, -0.4375, 1.2692, -0.1314, -0.6439, 0.5395
-0.7961, -0.6445, -0.4372, 1.2679, -0.1323, -0.6435, 0.5401
-0.7966, -0.6439, -0.4369, 1.2665, -0.1331, -0.6431, 0.5407
-0.7972, -0.6433, -0.4366, 1.2651, -0.1339, -0.6427, 0.5413
-0.7977, -0.6427, -0.4363, 1.2638, -0.1348, -0.6424, 0.5419
-0.7983, -0.6421, -0.4360, 1.2625, -0.1356, -0.6420, 0.5425
-0.7988, -0.6415, -0.4357, 1.2612, -0.1364, -0.6416, 0.5431
-0.7993, -0.6409, -0.4355, 1.2599, -0.1372, -0.6413, 0.5436
-0.7999, -0.6403, -0.4352, 1.2586, -0.1380, -0.6409, 0.5442
-0.8004, -0.6397, -0.4349, 1.2573, -0.1388, -0.6406, 0.5448
-0.8009, -0.6392, -0.4346, 1.2560, -0.1395, -0.6402, 0.5453
-0.8014, -0.6386, -0.4344, 1.2547, -0.1403, -0.6399, 0.5459
-0.8019, -0.6380, -0.4341, 1.2535, -0.1411, -0.6395, 0.5464
-0.8024, -0.6375, -0.4338, 1.2523, -0.1418, -0.6392, 0.5470
-0.8029, -0.6369, -0.4336, 1.2510, -0.1426, -0.6389, 0.5475
-0.8034, -0.6364, -0.4333, 1.2498, -0.1433, -0.6385, 0.5480
-0.8039, -0.6358, -0.4330, 1.2486, -0.1440, -0.6382, 0.5486
-0.8044, -0.6353, -0.4328, 1.2474, -0.1448, -0.6379, 0.5491
-0.8049, -0.6347, -0.4325, 1.2462, -0.1455, -0.6375, 0.5496
-0.8053, -0.6342, -0.4323, 1.2451, -0.1462, -0.6372, 0.5501
-0.8058, -0.6337, -0.4320, 1.2439, -0.1469, -0.6369, 0.5506
-0.8063, -0.6332, -0.4318, 1.2427, -0.1476, -0.6366, 0.5511
-0.8067, -0.6326, -0.4316, 1.2416, -0.1483, -0.6362, 0.5516
-0.8072, -0.6321, -0.4313, 1.2405, -0.1490, -0.6359, 0.5521
-0.8076, -0.6316, -0.4311, 1.2393, -0.1497, -0.6356, 0.5526
-0.8081, -0.6311, -0.4308, 1.2382, -0.1504, -0.6353, 0.5531
-0.8085, -0.6306, -0.4306, 1.2371, -0.1510, -0.6350, 0.5536
-0.8090, -0.6301, -0.4304, 1.2360, -0.1517, -0.6347, 0.5541
-0.8094, -0.6296, -0.4302, 1.2350, -0.1524, -0.6344, 0.5546
-0.8098, -0.6291, -0.4299, 1.2339, -0.1530, -0.6341, 0.5551
-0.8102, -0.6287, -0.4297, 1.2328, -0.1537, -0.6338, 0.5555
-0.8107, -0.6282, -0.4295, 1.2318, -0.1543, -0.6335, 0.5560
-0.8111, -0.6277, -0.4293, 1.2307, -0.1549, -0.6332, 0.5564
