0.0947, -1.3848, -0.3447, 2.2595, 0.1863, -0.8544, -0.0747
0.0872, -1.3858, -0.3471, 2.2636, 0.1786, -0.8576, -0.0669
0.0797, -1.3868, -0.3495, 2.2676, 0.1710, -0.8607, -0.0593
0.0723, -1.3876, -0.3519, 2.2715, 0.1634, -0.8638, -0.0517
0.0649, -1.3884, -0.3543, 2.2752, 0.1559, -0.8669, -0.0441
0.0575, -1.3890, -0.3567, 2.2787, 0.1484, -0.8700, -0.0366
0.0502, -1.3895, -0.3591, 2.2821, 0.1411, -0.8730, -0.0292
0.0429, -1.3900, -0.3615, 2.2854, 0.1337, -0.8759, -0.0219
0.0357, -1.3904, -0.3638, 2.2886, 0.1265, -0.8789, -0.0147
0.0285, -1.3906, -0.3661, 2.2916, 0.1193, -0.8818, -0.0075
0.0214, -1.3908, -0.3685, 2.2945, 0.1122, -0.8847, -0.0003
0.0143, -1.3909, -0.3708, 2.2973, 0.1051, -0.8875, 0.0067
0.0072, -1.3910, -0.3730, 2.2999, 0.0981, -0.8904, 0.0137
0.0002, -1.3909, -0.3753, 2.3024, 0.0912, -0.8931, 0.0206
-0.0068, -1.3908, -0.3776, 2.3049, 0.0844, -0.8959, 0.0275
-0.0137, -1.3906, -0.3798, 2.3072, 0.0776, -0.8986, 0.0343
-0.0206, -1.3903, -0.3820, 2.3094, 0.0709, -0.9014, 0.0410
-0.0274, -1.3900, -0.3842, 2.3114, 0.0643, -0.9040, 0.0477
-0.0342, -1.3896, -0.3864, 2.3134, 0.0577, -0.9067, 0.0543
-0.0409, -1.3891, -0.3886, 2.3153, 0.0512, -0.9093, 0.0608
-0.0476, -1.3885, -0.3907, 2.3171, 0.0448, -0.9119, 0.0673
-0.0543, -1.3879, -0.3928, 2.3188, 0.0385, -0.9145, 0.0737
-0.0609, -1.3873, -0.3949, 2.3204, 0.0322, -0.9171, 0.0800
-0.0674, -1.3865, -0.3970, 2.3219, 0.0260, -0.9196, 0.0863
-0.0739, -1.3858, -0.3990, 2.3233, 0.0199, -0.9221, 0.0925
-0.0803, -1.3849, -0.4011, 2.3246, 0.0138, -0.9246, 0.0986
-0.0867, -1.3840, -0.4031, 2.3258, 0.0078, -0.9270, 0.1047
-0.0931, -1.3831, -0.4051, 2.3270, 0.0019, -0.9294, 0.1107
-0.0994, -1.3821, -0.4071, 2.3281, -0.0039, -0.9318, 0.1167
-0.1056, -1.3811, -0.4090, 2.3291, -0.0097, -0.9342, 0.1226
-0.1118, -1.3800, -0.4109, 2.3300, -0.0153, -0.9366, 0.1284
-0.1179, -1.3788, -0.4128, 2.3308, -0.0209, -0.9389, 0.1342
-0.1240, -1.3777, -0.4147, 2.3316, -0.0265, -0.9412, 0.1399
-0.1300, -1.3765, -0.4166, 2.3323, -0.0319, -0.9435, 0.1456
-0.1360, -1.3752, -0.4184, 2.3329, -0.0373, -0.9458, 0.1512
-0.1420, -1.3739, -0.4202, 2.3335, -0.0427, -0.9480, 0.1567
-0.1478, -1.3726, -0.4220, 2.3340, -0.0479, -0.9502, 0.1622
-0.1537, -1.3712, -0.4237, 2.3344, -0.0531, -0.9524, 0.1676
-0.1594, -1.3698, -0.4255, 2.3348, -0.0582, -0.9546, 0.1730
-0.1652, -1.3684, -0.4272, 2.3351, -0.0632, -0.9567, 0.1783
-0.1708, -1.3669, -0.4289, 2.3354, -0.0682, -0.9589, 0.1836
-0.1765, -1.3654, -0.4306, 2.3356, -0.0731, -0.9610, 0.1887
-0.1820, -1.3639, -0.4322, 2.3357, -0.0779, -0.9630, 0.1939
-0.1876, -1.3623, -0.4338, 2.3358, -0.0827, -0.9651, 0.1990
-0.1930, -1.3608, -0.4354, 2.3358, -0.0873, -0.9671, 0.2040
-0.1985, -1.3592, -0.4370, 2.3358, -0.0920, -0.9691, 0.2090
-0.2038, -1.3576, -0.4386, 2.3358, -0.0965, -0.9711, 0.2139
-0.2091, -1.3559, -0.4401, 2.3357, -0.1010, -0.9731, 0.2188
-0.2144, -1.3542, -0.4416, 2.3355, -0.1054, -0.9750, 0.2236
-0.2196, -1.3526, -0.4431, 2.3353, -0.1097, -0.9770, 0.2283
-0.2248, -1.3509, -0.4446, 2.3351, -0.1140, -0.9789, 0.2330
-0.2299, -1.3491, -0.4460, 2.3348, -0.1182, -0.9807, 0.2377
-0.2350, -1.3474, -0.4475, 2.3345, -0.1224, -0.9826, 0.2423
-0.2400, -1.3457, -0.4489, 2.3341, -0.1265, -0.9844, 0.2469
-0.2450, -1.3439, -0.4502, 2.3337, -0.1305, -0.9862, 0.2514
-0.2499, -1.3421, -0.4516, 2.3333, -0.1345, -0.9880, 0.2558
-0.2548, -1.3403, -0.4529, 2.3328, -0.1384, -0.9898, 0.2602
-0.2596, -1.3385, -0.4542, 2.3323, -0.1422, -0.9915, 0.2646
-0.2644, -1.3367, -0.4555, 2.3318, -0.1460, -0.9932, 0.2689
-0.2691, -1.3349, -0.4568, 2.3312, -0.1497, -0.9950, 0.2732
-0.2738, -1.3330, -0.4581, 2.3306, -0.1534, -0.9966, 0.2774
-0.2784, -1.3312, -0.4593, 2.3300, -0.1570, -0.9983, 0.2815
-0.2830, -1.3294, -0.4605, 2.3293, -0.1606, -0.9999, 0.2857
-0.2876, -1.3275, -0.4617, 2.3286, -0.1641, -1.0015, 0.2897
-0.2921, -1.3256, -0.4629, 2.3279, -0.1675, -1.0031, 0.2938
-0.2965, -1.3238, -0.4641, 2.3272, -0.1709, -1.0047, 0.2977
-0.3009, -1.3219, -0.4652, 2.3264, -0.1742, -1.0063, 0.3017
-0.3053, -1.3200, -0.4663, 2.3256, -0.1775, -1.0078, 0.3056
-0.3096, -1.3182, -0.4674, 2.3248, -0.1807, -1.0093, 0.3094
-0.3139, -1.3163, -0.4685, 2.3240, -0.1839, -1.0108, 0.3132
-0.3181, -1.3144, -0.4696, 2.3232, -0.1870, -1.0123, 0.3170
-0.3223, -1.3125, -0.4706, 2.3223, -0.1901, -1.0137, 0.3207
-0.3265, -1.3106, -0.4716, 2.3214, -0.1931, -1.0152, 0.3244
-0.3306, -1.3087, -0.4726, 2.3205, -0.1961, -1.0166, 0.3280
-0.3346, -1.3069, -0.4736, 2.3196, -0.1990, -1.0180, 0.3316
-0.3387, -1.3050, -0.4746, 2.3186, -0.2018, -1.0193, 0.3352
-0.3426, -1.3031, -0.4756, 2.3177, -0.2047, -1.0207, 0.3387
-0.3466, -1.3012, -0.4765, 2.3167, -0.2075, -1.0220, 0.3422
-0.3505, -1.2993, -0.4775, 2.3157, -0.2102, -1.0234, 0.3456
-0.3543, -1.2975, -0.4784, 2.3147, -0.2129, -1.0247, 0.3490
-0.3582, -1.2956, -0.4793, 2.3137, -0.2155, -1.0259, 0.3524
-0.3619, -1.2937, -0.4801, 2.3127, -0.2181, -1.0272, 0.3557
-0.3657, -1.2919, -0.4810, 2.3116, -0.2207, -1.0284, 0.3590
-0.3694, -1.2900, -0.4819, 2.3106, -0.2232, -1.0297, 0.3623
-0.3730, -1.2882, -0.4827, 2.3095, -0.2257, -1.0309, 0.3655
-0.3766, -1.2863, -0.4835, 2.3084, -0.2281, -1.0321, 0.3686
-0.3802, -1.2845, -0.4843, 2.3074, -0.2305, -1.0332, 0.3718
-0.3838, -1.2826, -0.4851, 2.3063, -0.2329, -1.0344, 0.3749
-0.3873, -1.2808, -0.4859, 2.3052, -0.2352, -1.0355, 0.3780
-0.3908, -1.2790, -0.4866, 2.3041, -0.2375, -1.0366, 0.3810
-0.3942, -1.2771, -0.4874, 2.3029, -0.2397, -1.0377, 0.3840
-0.3976, -1.2753, -0.4881, 2.3018, -0.2419, -1.0388, 0.3870
-0.4010, -1.2735, -0.4889, 2.3007, -0.2441, -1.0399, 0.3899
-0.4043, -1.2717, -0.4896, 2.2995, -0.2462, -1.0409, 0.3928
-0.4076, -1.2699, -0.4903, 2.2984, -0.2483, -1.0420, 0.3957
-0.4108, -1.2681, -0.4909, 2.2973, -0.2504, -1.0430, 0.3985
-0.4141, -1.2664, -0.4916, 2.2961, -0.2524, -1.0440, 0.4013
-0.4173, -1.2646, -0.4923, 2.2949, -0.2544, -1.0450, 0.4041
-0.4204, -1.2628, -0.4929, 2.2938, -0.2564, -1.0460, 0.4069
-0.4235, -1.2611, -0.4936, 2.2926, -0.2583, -1.0469, 0.4096
-0.4266, -1.2594, -0.4942, 2.2914, -0.2602, -1.0479, 0.4123
-0.4297, -1.2576, -0.4948, 2.2903, -0.2621, -1.0488, 0.4149
-0.4327, -1.2559, -0.4954, 2.2891, -0.2639, -1.0497, 0.4175
-0.4357, -1.2542, -0.4960, 2.2879, -0.2657, -1.0506, 0.4201
-0.4387, -1.2525, -0.4966, 2.2867, -0.2675, -1.0515, 0.4227
-0.4416, -1.2508, -0.4972, 2.2855, -0.2693, -1.0524, 0.4252
-0.4445, -1.2491, -0.4977, 2.2844, -0.2710, -1.0532, 0.4278
-0.4474, -1.2474, -0.4983, 2.2832, -0.2727, -1.0541, 0.4302
-0.4502, -1.2458, -0.4988, 2.2820, -0.2743, -1.0549, 0.4327
-0.4530, -1.2441, -0.4993, 2.2808, -0.2760, -1.0557, 0.4351
-0.4558, -1.2424, -0.4999, 2.2796, -0.2776, -1.0565, 0.4375
-0.4585, -1.2408, -0.5004, 2.2784, -0.2792, -1.0573, 0.4399
-0.4613, -1.2392, -0.5009, 2.2772, -0.2807, -1.0581, 0.4422
-0.4640, -1.2376, -0.5014, 2.2761, -0.2823, -1.0588, 0.4446
-0.4666, -1.2360, -0.5018, 2.2749, -0.2838, -1.0596, 0.4469
-0.4693, -1.2344, -0.5023, 2.2737, -0.2853, -1.0603, 0.4491
-0.4719, -1.2328, -0.5028, 2.2725, -0.2867, -1.0610, 0.4514
-0.4745, -1.2312, -0.5032, 2.2713, -0.2882, -1.0618, 0.4536
-0.4770, -1.2296, -0.5037, 2.2701, -0.2896, -1.0625, 0.4558
-0.4795, -1.2281, -0.5041, 2.2690, -0.2910, -1.0631, 0.4580
-0.4820, -1.2265, -0.5046, 2.2678, -0.2924, -1.0638, 0.4601
-0.4845, -1.2250, -0.5050, 2.2666, -0.2937, -1.0645, 0.4622
-0.4870, -1.2235, -0.5054, 2.2654, -0.2950, -1.0652, 0.4643
-0.4894, -1.2220, -0.5058, 2.2643, -0.2963, -1.0658, 0.4664
-0.4918, -1.2205, -0.5062, 2.2631, -0.2976, -1.0664, 0.4685
-0.4941, -1.2190, -0.5066, 2.2619, -0.2989, -1.0671, 0.4705
-0.4965, -1.2175, -0.5070, 2.2608, -0.3001, -1.0677, 0.4725
-0.4988, -1.2160, -0.5074, 2.2596, -0.3014, -1.0683, 0.4745
-0.5011, -1.2146, -0.5078, 2.2585, -0.3026, -1.0689, 0.4765
-0.5034, -1.2131, -0.5081, 2.2573, -0.3038, -1.0694, 0.4784
-0.5056, -1.2117, -0.5085, 2.2562, -0.3049, -1.0700, 0.4803
-0.5079, -1.2103, -0.5089, 2.2550, -0.3061, -1.0706, 0.4822
-0.5101, -1.2088, -0.5092, 2.2539, -0.3072, -1.0711, 0.4841
-0.5122, -1.2074, -0.5095, 2.2528, -0.3083, -1.0717, 0.4860
-0.5144, -1.2060, -0.5099, 2.2516, -0.3094, -1.0722, 0.4878
-0.5165, -1.2047, -0.5102, 2.2505, -0.3105, -1.0727, 0.4896
-0.5186, -1.2033, -0.5105, 2.2494, -0.3116, -1.0733, 0.4914
-0.5207, -1.2019, -0.5108, 2.2483, -0.3126, -1.0738, 0.4932
-0.5228, -1.2006, -0.5112, 2.2471, -0.3137, -1.0743, 0.4950
-0.5248, -1.1992, -0.5115, 2.2460, -0.3147, -1.0747, 0.4967
-0.5269, -1.1979, -0.5118, 2.2449, -0.3157, -1.0752, 0.4985
-0.5289, -1.1966, -0.5121, 2.2438, -0.3167, -1.0757, 0.5002
-0.5308, -1.1953, -0.5124, 2.2427, -0.3176, -1.0762, 0.5018
-0.5328, -1.1940, -0.5126, 2.2416, -0.3186, -1.0766, 0.5035
-0.5347, -1.1927, -0.5129, 2.2406, -0.3195, -1.0771, 0.5052
-0.5367, -1.1914, -0.5132, 2.2395, -0.3204, -1.0775, 0.5068
-0.5386, -1.1901, -0.5135, 2.2384, -0.3214, -1.0779, 0.5084
-0.5404, -1.1889, -0.5137, 2.2373, -0.3223, -1.0784, 0.5100
-0.5423, -1.1876, -0.5140, 2.2363, -0.3231, -1.0788, 0.5116
-0.5441, -1.1864, -0.5142, 2.2352, -0.3240, -1.0792, 0.5132
-0.5460, -1.1852, -0.5145, 2.2342, -0.3249, -1.0796, 0.5147
-0.5478, -1.1840, -0.5147, 2.2331, -0.3257, -1.0800, 0.5162
-0.5495, -1.1827, -0.5150, 2.2321, -0.3265, -1.0804, 0.5177
-0.5513, -1.1815, -0.5152, 2.2310, -0.3274, -1.0808, 0.5192
-0.5530, -1.1804, -0.5154, 2.2300, -0.3282, -1.0812, 0.5207
-0.5548, -1.1792, -0.5157, 2.2290, -0.3290, -1.0815, 0.5222
-0.5565, -1.1780, -0.5159, 2.2280, -0.3298, -1.0819, 0.5236
-0.5582, -1.1769, -0.5161, 2.2269, -0.3305, -1.0822, 0.5251
-0.5598, -1.1757, -0.5163, 2.2259, -0.3313, -1.0826, 0.5265
-0.5615, -1.1746, -0.5166, 2.2249, -0.3320, -1.0829, 0.5279
-0.5631, -1.1735, -0.5168, 2.2239, -0.3328, -1.0833, 0.5293
-0.5648, -1.1723, -0.5170, 2.2229, -0.3335, -1.0836, 0.5307
-0.5664, -1.1712, -0.5172, 2.2220, -0.3342, -1.0839, 0.5320
-0.5680, -1.1701, -0.5174, 2.2210, -0.3349, -1.0843, 0.5334
-0.5695, -1.1690, -0.5176, 2.2200, -0.3356, -1.0846, 0.5347
-0.5711, -1.1680, -0.5178, 2.2190, -0.3363, -1.0849, 0.5360
-0.5726, -1.1669, -0.5179, 2.2181, -0.3370, -1.0852, 0.5373
-0.5741, -1.1658, -0.5181, 2.2171, -0.3377, -1.0855, 0.5386
-0.5757, -1.1648, -0.5183, 2.2162, -0.3383, -1.0858, 0.5399
-0.5771, -1.1637, -0.5185, 2.2152, -0.3390, -1.0861, 0.5411
-0.5786, -1.1627, -0.5187, 2.2143, -0.3396, -1.0863, 0.5424
-0.5801, -1.1617, -0.5188, 2.2134, -0.3402, -1.0866, 0.5436
-0.5815, -1.1607, -0.5190, 2.2125, -0.3409, -1.0869, 0.5448
-0.5830, -1.1597, -0.5192, 2.2115, -0.3415, -1.0872, 0.5460
-0.5844, -1.1587, -0.5193, 2.2106, -0.3421, -1.0874, 0.5472
-0.5858, -1.1577, -0.5195, 2.2097, -0.3427, -1.0877, 0.5484
-0.5872, -1.1567, -0.5197, 2.2088, -0.3433, -1.0879, 0.5496
-0.5885, -1.1557, -0.5198, 2.2079, -0.3438, -1.0882, 0.5507
-0.5899, -1.1548, -0.5200, 2.2070, -0.3444, -1.0884, 0.5519
-0.5912, -1.1538, -0.5201, 2.2062, -0.3450, -1.0887, 0.5530
-0.5926, -1.1529, -0.5203, 2.2053, -0.3455, -1.0889, 0.5541
-0.5939, -1.1519, -0.5204, 2.2044, -0.3461, -1.0891, 0.5552
-0.5952, -1.1510, -0.5205, 2.2036, -0.3466, -1.0894, 0.5563
-0.5965, -1.1501, -0.5207, 2.2027, -0.3471, -1.0896, 0.5574
-0.5977, -1.1492, -0.5208, 2.2018, -0.3477, -1.0898, 0.5585
-0.5990, -1.1483, -0.5210, 2.2010, -0.3482, -1.0900, 0.5596
-0.6003, -1.1474, -0.5211, 2.2002, -0.3487, -1.0902, 0.5606
-0.6015, -1.1465, -0.5212, 2.1993, -0.3492, -1.0904, 0.5617
-0.6027, -1.1456, -0.5213, 2.1985, -0.3497, -1.0906, 0.5627
-0.6039, -1.1447, -0.5215, 2.1977, -0.3502, -1.0908, 0.5637
-0.6051, -1.1439, -0.5216, 2.1969, -0.3506, -1.0910, 0.5647
-0.6063, -1.1430, -0.5217, 2.1961, -0.3511, -1.0912, 0.5657
-0.6075, -1.1422, -0.5218, 2.1953, -0.3516, -1.0914, 0.5667
-0.6086, -1.1413, -0.5220, 2.1945, -0.3520, -1.0916, 0.5677
-0.6098, -1.1405, -0.5221, 2.1937, -0.3525, -1.0918, 0.5686
-0.6109, -1.1397, -0.5222, 2.1929, -0.3530, -1.0920, 0.5696
-0.6121, -1.1388, -0.5223, 2.1921, -0.3534, -1.0922, 0.5705
-0.6132, -1.1380, -0.5224, 2.1913, -0.3538, -1.0923, 0.5715
-0.6143, -1.1372, -0.5225, 2.1906, -0.3543, -1.0925, 0.5724
-0.6154, -1.1364, -0.5226, 2.1898, -0.3547, -1.0927, 0.5733
-0.6164, -1.1357, -0.5227, 2.1891, -0.3551, -1.0928, 0.5742
-0.6175, -1.1349, -0.5228, 2.1883, -0.3555, -1.0930, 0.5751
-0.6186, -1.1341, -0.5229, 2.1876, -0.3559, -1.0932, 0.5760
-0.6196, -1.1333, -0.5230, 2.1868, -0.3563, -1.0933, 0.5769
-0.6206, -1.1326, -0.5231, 2.1861, -0.3567, -1.0935, 0.5778
-0.6217, -1.1318, -0.5232, 2.1854, -0.3571, -1.0936, 0.5786
-0.6227, -1.1311, -0.5233, 2.1846, -0.3575, -1.0938, 0.5795
-0.6237, -1.1303, -0.5234, 2.1839, -0.3579, -1.0939, 0.5803
-0.6247, -1.1296, -0.5235, 2.1832, -0.3583, -1.0940, 0.5812
-0.6257, -1.1289, -0.5236, 2.1825, -0.3586, -1.0942, 0.5820
-0.6266, -1.1282, -0.5237, 2.1818, -0.3590, -1.0943, 0.5828
-0.6276, -1.1275, -0.5238, 2.1811, -0.3594, -1.0945, 0.5836
-0.6286, -1.1268, -0.5238, 2.1804, -0.3597, -1.0946, 0.5844
-0.6295, -1.1261, -0.5239, 2.1798, -0.3601, -1.0947, 0.5852
-0.6304, -1.1254, -0.5240, 2.1791, -0.3604, -1.0948, 0.5860
-0.6314, -1.1247, -0.5241, 2.1784, -0.3608, -1.0950, 0.5868
-0.6323, -1.1240, -0.5242, 2.1777, -0.3611, -1.0951, 0.5875
-0.6332, -1.1233, -0.5242, 2.1771, -0.3615, -1.0952, 0.5883
-0.6341, -1.1227, -0.5243, 2.1764, -0.3618, -1.0953, 0.5890
-0.6350, -1.1220, -0.5244, 2.1758, -0.3621, -1.0955, 0.5898
-0.6358, -1.1214, -0.5245, 2.1751, -0.3624, -1.0956, 0.5905
-0.6367, -1.1207, -0.5245, 2.1745, -0.3628, -1.0957, 0.5912
-0.6376, -1.1201, -0.5246, 2.1739, -0.3631, -1.0958, 0.5920
-0.6384, -1.1194, -0.5247, 2.1732, -0.3634, -1.0959, 0.5927
-0.6393, -1.1188, -0.5248, 2.1726, -0.3637, -1.0960, 0.5934
-0.6401, -1.1182, -0.5248, 2.1720, -0.3640, -1.0961, 0.5941
-0.6409, -1.1176, -0.5249, 2.1714, -0.3643, -1.0962, 0.5948
-0.6417, -1.1170, -0.5250, 2.1708, -0.3646, -1.0963, 0.5955
-0.6426, -1.1164, -0.5250, 2.1702, -0.3649, -1.0964, 0.5961
-0.6434, -1.1158, -0.5251, 2.1696, -0.3652, -1.0965, 0.5968
-0.6441, -1.1152, -0.5252, 2.1690, -0.3654, -1.0966, 0.5975
-0.6449, -1.1146, -0.5252, 2.1684, -0.3657, -1.0967, 0.5981
-0.6457, -1.1140, -0.5253, 2.1678, -0.3660, -1.0968, 0.5988
-0.6465, -1.1134, -0.5253, 2.1672, -0.3663, -1.0969, 0.5994
-0.6472, -1.1129, -0.5254, 2.1667, -0.3665, -1.0970, 0.6000
-0.6480, -1.1123, -0.5255, 2.1661, -0.3668, -1.0971, 0.6007
-0.6487, -1.1117, -0.5255, 2.1655, -0.3671, -1.0971, 0.6013
-0.6495, -1.1112, -0.5256, 2.1650, -0.3673, -1.0972, 0.6019
-0.6502, -1.1106, -0.5256, 2.1644, -0.3676, -1.0973, 0.6025
-0.6509, -1.1101, -0.5257, 2.1639, -0.3678, -1.0974, 0.6031
-0.6516, -1.1096, -0.5257, 2.1633, -0.3681, -1.0975, 0.6037
-0.6523, -1.1090, -0.5258, 2.1628, -0.3683, -1.0975, 0.6043
-0.6530, -1.1085, -0.5258, 2.1622, -0.3686, -1.0976, 0.6049
-0.6537, -1.1080, -0.5259, 2.1617, -0.3688, -1.0977, 0.6055
-0.6544, -1.1074, -0.5260, 2.1612, -0.3691, -1.0978, 0.6061
-0.6551, -1.1069, -0.5260, 2.1607, -0.3693, -1.0978, 0.6066
-0.6558, -1.1064, -0.5260, 2.1601, -0.3695, -1.0979, 0.6072
-0.6564, -1.1059, -0.5261, 2.1596, -0.3697, -1.0980, 0.6077
-0.6571, -1.1054, -0.5261, 2.1591, -0.3700, -1.0981, 0.6083
-0.6577, -1.1049, -0.5262, 2.1586, -0.3702, -1.0981, 0.6088
-0.6584, -1.1044, -0.5262, 2.1581, -0.3704, -1.0982, 0.6094
-0.6590, -1.1040, -0.5263, 2.1576, -0.3706, -1.0983, 0.6099
-0.6597, -1.1035, -0.5263, 2.1571, -0.3709, -1.0983, 0.6104
-0.6603, -1.1030, -0.5264, 2.1567, -0.3711, -1.0984, 0.6110
-0.6609, -1.1025, -0.5264, 2.1562, -0.3713, -1.0985, 0.6115
-0.6615, -1.1021, -0.5265, 2.1557, -0.3715, -1.0985, 0.6120
-0.6621, -1.1016, -0.5265, 2.1552, -0.3717, -1.0986, 0.6125
-0.6627, -1.1011, -0.5265, 2.1548, -0.3719, -1.0986, 0.6130
-0.6633, -1.1007, -0.5266, 2.1543, -0.3721, -1.0987, 0.6135
-0.6639, -1.1002, -0.5266, 2.1538, -0.3723, -1.0987, 0.6140
-0.6645, -1.0998, -0.5267, 2.1534, -0.3725, -1.0988, 0.6145
-0.6651, -1.0994, -0.5267, 2.1529, -0.3727, -1.0989, 0.6149
-0.6656, -1.0989, -0.5267, 2.1525, -0.3729, -1.0989, 0.6154
-0.6662, -1.0985, -0.5268, 2.1520, -0.3731, -1.0990, 0.6159
-0.6668, -1.0981, -0.5268, 2.1516, -0.3732, -1.0990, 0.6164
-0.6673, -1.0976, -0.5269, 2.1512, -0.3734, -1.0991, 0.6168
-0.6679, -1.0972, -0.5269, 2.1507, -0.3736, -1.0991, 0.6173
-0.6684, -1.0968, -0.5269, 2.1503, -0.3738, -1.0992, 0.6177
-0.6689, -1.0964, -0.5270, 2.1499, -0.3740, -1.0992, 0.6182
-0.6695, -1.0960, -0.5270, 2.1494, -0.3741, -1.0993, 0.6186
-0.6700, -1.0956, -0.5270, 2.1490, -0.3743, -1.0993, 0.6191
-0.6705, -1.0952, -0.5271, 2.1486, -0.3745, -1.0994, 0.6195
-0.6710, -1.0948, -0.5271, 2.1482, -0.3747, -1.0994, 0.6199
-0.6715, -1.0944, -0.5271, 2.1478, -0.3748, -1.0994, 0.6203
-0.6720, -1.0940, -0.5272, 2.1474, -0.3750, -1.0995, 0.6208
-0.6725, -1.0936, -0.5272, 2.1470, -0.3752, -1.0995, 0.6212
-0.6730, -1.0933, -0.5272, 2.1466, -0.3753, -1.0996, 0.6216
-0.6735, -1.0929, -0.5273, 2.1462, -0.3755, -1.0996, 0.6220
-0.6740, -1.0925, -0.5273, 2.1458, -0.3756, -1.0997, 0.6224
-0.6745, -1.0921, -0.5273, 2.1454, -0.3758, -1.0997, 0.6228
-0.6750, -1.0918, -0.5273, 2.1451, -0.3759, -1.0997, 0.6232
-0.6754, -1.0914, -0.5274, 2.1447, -0.3761, -1.0998, 0.6236
-0.6759, -1.0911, -0.5274, 2.1443, -0.3762, -1.0998, 0.6240
-0.6764, -1.0907, -0.5274, 2.1439, -0.3764, -1.0998, 0.6244
-0.6768, -1.0903, -0.5275, 2.1436, -0.3765, -1.0999, 0.6247
-0.6773, -1.0900, -0.5275, 2.1432, -0.3767, -1.0999, 0.6251
-0.6777, -1.0897, -0.5275, 2.1428, -0.3768, -1.1000, 0.6255
-0.6782, -1.0893, -0.5275, 2.1425, -0.3770, -1.1000, 0.6259
-0.6786, -1.0890, -0.5276, 2.1421, -0.3771, -1.1000, 0.6262
-0.6790, -1.0886, -0.5276, 2.1418, -0.3772, -1.1001, 0.6266
-0.6795, -1.0883, -0.5276, 2.1414, -0.3774, -1.1001, 0.6269
-0.6799, -1.0880, -0.5276, 2.1411, -0.3775, -1.1001, 0.6273
-0.6803, -1.0877, -0.5277, 2.1407, -0.3777, -1.1002, 0.6277
-0.6807, -1.0873, -0.5277, 2.1404, -0.3778, -1.1002, 0.6280
-0.6811, -1.0870, -0.5277, 2.1401, -0.3779, -1.1002, 0.6283
-0.6815, -1.0867, -0.5277, 2.1397, -0.3780, -1.1003, 0.6287
-0.6819, -1.0864, -0.5278, 2.1394, -0.3782, -1.1003, 0.6290
-0.6823, -1.0861, -0.5278, 2.1391, -0.3783, -1.1003, 0.6293
-0.6827, -1.0858, -0.5278, 2.1388, -0.3784, -1.1003, 0.6297
-0.6831, -1.0855, -0.5278, 2.1384, -0.3786, -1.1004, 0.6300
-0.6835, -1.0852, -0.5279, 2.1381, -0.3787, -1.1004, 0.6303
-0.6839, -1.0849, -0.5279, 2.1378, -0.3788, -1.1004, 0.6306
-0.6843, -1.0846, -0.5279, 2.1375, -0.3789, -1.1004, 0.6310
-0.6846, -1.0843, -0.5279, 2.1372, -0.3790, -1.1005, 0.6313
-0.6850, -1.0840, -0.5279, 2.1369, -0.3792, -1.1005, 0.6316
-0.6854, -1.0837, -0.5280, 2.1366, -0.3793, -1.1005, 0.6319
-0.6858, -1.0834, -0.5280, 2.1363, -0.3794, -1.1006, 0.6322
-0.6861, -1.0832, -0.5280, 2.1360, -0.3795, -1.1006, 0.6325
-0.6865, -1.0829, -0.5280, 2.1357, -0.3796, -1.1006, 0.6328
-0.6868, -1.0826, -0.5280, 2.1354, -0.3797, -1.1006, 0.6331
-0.6872, -1.0823, -0.5281, 2.1351, -0.3798, -1.1006, 0.6334
-0.6875, -1.0821, -0.5281, 2.1348, -0.3799, -1.1007, 0.6337
-0.6879, -1.0818, -0.5281, 2.1345, -0.3800, -1.1007, 0.6339
-0.6882, -1.0815, -0.5281, 2.1343, -0.3801, -1.1007, 0.6342
-0.6885, -1.0813, -0.5281, 2.1340, -0.3802, -1.1007, 0.6345
-0.6889, -1.0810, -0.5282, 2.1337, -0.3804, -1.1008, 0.6348
-0.6892, -1.0808, -0.5282, 2.1334, -0.3805, -1.1008, 0.6351
-0.6895, -1.0805, -0.5282, 2.1332, -0.3806, -1.1008, 0.6353
-0.6898, -1.0803, -0.5282, 2.1329, -0.3807, -1.1008, 0.6356
-0.6902, -1.0800, -0.5282, 2.1326, -0.3808, -1.1008, 0.6359
-0.6905, -1.0798, -0.5282, 2.1324, -0.3808, -1.1009, 0.6361
-0.6908, -1.0795, -0.5283, 2.1321, -0.3809, -1.1009, 0.6364
-0.6911, -1.0793, -0.5283, 2.1319, -0.3810, -1.1009, 0.6366
-0.6914, -1.0790, -0.5283, 2.1316, -0.3811, -1.1009, 0.6369
-0.6917, -1.0788, -0.5283, 2.1313, -0.3812, -1.1009, 0.6372
-0.6920, -1.0786, -0.5283, 2.1311, -0.3813, -1.1010, 0.6374
-0.6923, -1.0783, -0.5283, 2.1308, -0.3814, -1.1010, 0.6377
-0.6926, -1.0781, -0.5284, 2.1306, -0.3815, -1.1010, 0.6379
-0.6929, -1.0779, -0.5284, 2.1304, -0.3816, -1.1010, 0.6381
-0.6932, -1.0776, -0.5284, 2.1301, -0.3817, -1.1010, 0.6384
-0.6935, -1.0774, -0.5284, 2.1299, -0.3818, -1.1010, 0.6386
-0.6938, -1.0772, -0.5284, 2.1296, -0.3819, -1.1011, 0.6389
-0.6940, -1.0770, -0.5284, 2.1294, -0.3819, -1.1011, 0.6391
-0.6943, -1.0768, -0.5284, 2.1292, -0.3820, -1.1011, 0.6393
-0.6946, -1.0766, -0.5285, 2.1289, -0.3821, -1.1011, 0.6395
-0.6949, -1.0763, -0.5285, 2.1287, -0.3822, -1.1011, 0.6398
-0.6951, -1.0761, -0.5285, 2.1285, -0.3823, -1.1011, 0.6400
-0.6954, -1.0759, -0.5285, 2.1283, -0.3824, -1.1012, 0.6402
-0.7321, -1.0590, -0.5163, 2.1066, -0.3898, -1.0997, 0.6548
-0.7322, -1.0590, -0.5163, 2.1066, -0.3899, -1.0997, 0.6548
-0.7346, -1.0573, -0.5165, 2.1053, -0.3912, -1.1005, 0.6566
-0.7346, -1.0573, -0.5165, 2.1053, -0.3912, -1.1005, 0.6567
-0.7370, -1.0557, -0.5167, 2.1040, -0.3926, -1.1014, 0.6585
-0.7415, -1.0536, -0.5156, 2.1029, -0.3992, -1.1064, 0.6640
-0.7459, -1.0514, -0.5144, 2.1017, -0.4056, -1.1114, 0.6695
-0.7502, -1.0493, -0.5133, 2.1004, -0.4119, -1.1163, 0.6749
-0.7545, -1.0471, -0.5122, 2.0992, -0.4182, -1.1212, 0.6802
-0.7587, -1.0449, -0.5112, 2.0979, -0.4243, -1.1261, 0.6853
-0.7629, -1.0427, -0.5101, 2.0966, -0.4303, -1.1310, 0.6905
-0.7670, -1.0406, -0.5091, 2.0952, -0.4362, -1.1358, 0.6955
-0.7710, -1.0384, -0.5081, 2.0939, -0.4420, -1.1405, 0.7004
-0.7750, -1.0362, -0.5071, 2.0925, -0.4477, -1.1452, 0.7053
-0.7790, -1.0340, -0.5061, 2.0910, -0.4532, -1.1499, 0.7100
-0.7828, -1.0318, -0.5051, 2.0896, -0.4587, -1.1545, 0.7147
-0.7867, -1.0295, -0.5042, 2.0881, -0.4641, -1.1591, 0.7194
-0.7905, -1.0273, -0.5033, 2.0866, -0.4694, -1.1637, 0.7239
-0.7942, -1.0251, -0.5024, 2.0851, -0.4746, -1.1682, 0.7284
-0.7979, -1.0229, -0.5014, 2.0836, -0.4797, -1.1726, 0.7328
-0.8015, -1.0207, -0.5006, 2.0821, -0.4847, -1.1770, 0.7371
-0.8051, -1.0185, -0.4997, 2.0805, -0.4897, -1.1814, 0.7413
-0.8087, -1.0163, -0.4988, 2.0789, -0.4945, -1.1858, 0.7455
-0.8122, -1.0141, -0.4980, 2.0774, -0.4993, -1.1901, 0.7496
-0.8156, -1.0119, -0.4971, 2.0758, -0.5039, -1.1943, 0.7537
-0.8190, -1.0097, -0.4963, 2.0741, -0.5085, -1.1985, 0.7577
-0.8224, -1.0075, -0.4955, 2.0725, -0.5131, -1.2027, 0.7616
-0.8257, -1.0053, -0.4947, 2.0709, -0.5175, -1.2068, 0.7655
-0.8290, -1.0031, -0.4939, 2.0692, -0.5219, -1.2109, 0.7693
-0.8322, -1.0009, -0.4931, 2.0675, -0.5262, -1.2149, 0.7730
-0.8354, -0.9987, -0.4923, 2.0659, -0.5304, -1.2190, 0.7767
-0.8386, -0.9966, -0.4915, 2.0642, -0.5345, -1.2229, 0.7804
-0.8417, -0.9944, -0.4907, 2.0625, -0.5386, -1.2268, 0.7839
-0.8447, -0.9922, -0.4900, 2.0608, -0.5426, -1.2307, 0.7875
-0.8478, -0.9901, -0.4893, 2.0591, -0.5466, -1.2346, 0.7909
-0.8508, -0.9880, -0.4885, 2.0574, -0.5505, -1.2384, 0.7943
-0.8537, -0.9858, -0.4878, 2.0556, -0.5543, -1.2421, 0.7977
-0.8566, -0.9837, -0.4871, 2.0539, -0.5580, -1.2458, 0.8010
-0.8595, -0.9816, -0.4864, 2.0522, -0.5617, -1.2495, 0.8043
-0.8624, -0.9795, -0.4857, 2.0504, -0.5654, -1.2531, 0.8075
-0.8652, -0.9774, -0.4850, 2.0487, -0.5689, -1.2567, 0.8107
-0.8679, -0.9753, -0.4843, 2.0470, -0.5724, -1.2603, 0.8138
-0.8707, -0.9732, -0.4836, 2.0452, -0.5759, -1.2638, 0.8169
-0.8734, -0.9712, -0.4829, 2.0435, -0.5793, -1.2673, 0.8199
-0.8760, -0.9691, -0.4822, 2.0417, -0.5826, -1.2708, 0.8229
-0.8787, -0.9671, -0.4816, 2.0400, -0.5859, -1.2742, 0.8259
-0.8813, -0.9650, -0.4809, 2.0382, -0.5892, -1.2775, 0.8288
-0.8839, -0.9630, -0.4803, 2.0364, -0.5924, -1.2809, 0.8317
-0.8864, -0.9610, -0.4796, 2.0347, -0.5955, -1.2842, 0.8345
-0.8889, -0.9590, -0.4790, 2.0329, -0.5986, -1.2874, 0.8373
-0.8914, -0.9570, -0.4784, 2.0312, -0.6016, -1.2906, 0.8400
-0.8938, -0.9551, -0.4777, 2.0294, -0.6046, -1.2938, 0.8427
-0.8962, -0.9531, -0.4771, 2.0277, -0.6076, -1.2970, 0.8454
-0.8986, -0.9511, -0.4765, 2.0259, -0.6105, -1.3001, 0.8480
-0.9010, -0.9492, -0.4759, 2.0242, -0.6133, -1.3032, 0.8506
-0.9033, -0.9473, -0.4753, 2.0224, -0.6161, -1.3062, 0.8532
-0.9056, -0.9454, -0.4747, 2.0207, -0.6189, -1.3092, 0.8557
-0.9079, -0.9435, -0.4741, 2.0189, -0.6216, -1.3122, 0.8582
-0.9101, -0.9416, -0.4735, 2.0172, -0.6243, -1.3152, 0.8607
-0.9123, -0.9397, -0.4729, 2.0154, -0.6270, -1.3181, 0.8631
-0.9145, -0.9378, -0.4724, 2.0137, -0.6296, -1.3210, 0.8655
-0.9167, -0.9360, -0.4718, 2.0120, -0.6321, -1.3238, 0.8679
-0.9188, -0.9341, -0.4712, 2.0102, -0.6347, -1.3266, 0.8702
-0.9209, -0.9323, -0.4707, 2.0085, -0.6372, -1.3294, 0.8725
-0.9230, -0.9305, -0.4701, 2.0068, -0.6396, -1.3321, 0.8748
-0.9251, -0.9287, -0.4696, 2.0051, -0.6420, -1.3349, 0.8770
-0.9271, -0.9269, -0.4690, 2.0034, -0.6444, -1.3375, 0.8792
-0.9291, -0.9251, -0.4685, 2.0017, -0.6467, -1.3402, 0.8814
-0.9311, -0.9234, -0.4679, 2.0000, -0.6491, -1.3428, 0.8836
-0.9330, -0.9216, -0.4674, 1.9983, -0.6513, -1.3454, 0.8857
-0.9350, -0.9199, -0.4669, 1.9966, -0.6536, -1.3480, 0.8878
-0.9369, -0.9181, -0.4664, 1.9949, -0.6558, -1.3505, 0.8899
-0.9388, -0.9164, -0.4658, 1.9933, -0.6579, -1.3530, 0.8920
-0.9407, -0.9147, -0.4653, 1.9916, -0.6601, -1.3555, 0.8940
-0.9425, -0.9130, -0.4648, 1.9899, -0.6622, -1.3579, 0.8960
-0.9443, -0.9114, -0.4643, 1.9883, -0.6643, -1.3604, 0.8979
-0.9461, -0.9097, -0.4638, 1.9866, -0.6663, -1.3628, 0.8999
-0.9479, -0.9081, -0.4633, 1.9850, -0.6684, -1.3651, 0.9018
-0.9497, -0.9064, -0.4628, 1.9834, -0.6704, -1.3675, 0.9037
-0.9514, -0.9048, -0.4623, 1.9817, -0.6723, -1.3698, 0.9056
-0.9531, -0.9032, -0.4619, 1.9801, -0.6743, -1.3721, 0.9075
-0.9548, -0.9016, -0.4614, 1.9785, -0.6762, -1.3743, 0.9093
-0.9565, -0.9000, -0.4609, 1.9769, -0.6781, -1.3765, 0.9111
-0.9582, -0.8984, -0.4604, 1.9753, -0.6799, -1.3788, 0.9129
-0.9598, -0.8969, -0.4600, 1.9737, -0.6817, -1.3809, 0.9147
-0.9614, -0.8953, -0.4595, 1.9721, -0.6836, -1.3831, 0.9164
-0.9630, -0.8938, -0.4590, 1.9706, -0.6853, -1.3852, 0.9181
-0.9646, -0.8923, -0.4586, 1.9690, -0.6871, -1.3873, 0.9198
-0.9662, -0.8908, -0.4581, 1.9674, -0.6888, -1.3894, 0.9215
-0.9677, -0.8893, -0.4577, 1.9659, -0.6905, -1.3915, 0.9232
-0.9692, -0.8878, -0.4572, 1.9643, -0.6922, -1.3935, 0.9248
-0.9707, -0.8863, -0.4568, 1.9628, -0.6939, -1.3955, 0.9264
-0.9722, -0.8848, -0.4564, 1.9613, -0.6955, -1.3975, 0.9280
-0.9737, -0.8834, -0.4559, 1.9598, -0.6971, -1.3995, 0.9296
-0.9752, -0.8820, -0.4555, 1.9583, -0.6987, -1.4014, 0.9312
-0.9766, -0.8805, -0.4551, 1.9568, -0.7003, -1.4033, 0.9327
-0.9780, -0.8791, -0.4547, 1.9553, -0.7018, -1.4052, 0.9343
-0.9794, -0.8777, -0.4542, 1.9538, -0.7034, -1.4071, 0.9358
-0.9808, -0.8763, -0.4538, 1.9523, -0.7049, -1.4089, 0.9373
-0.9822, -0.8749, -0.4534, 1.9509, -0.7064, -1.4108, 0.9388
-0.9836, -0.8736, -0.4530, 1.9494, -0.7078, -1.4126, 0.9402
-0.9849, -0.8722, -0.4526, 1.9480, -0.7093, -1.4144, 0.9417
-0.9862, -0.8709, -0.4522, 1.9465, -0.7107, -1.4162, 0.9431
-0.9875, -0.8695, -0.4518, 1.9451, -0.7121, -1.4179, 0.9445
-0.9888, -0.8682, -0.4514, 1.9437, -0.7135, -1.4196, 0.9459
-0.9901, -0.8669, -0.4510, 1.9423, -0.7149, -1.4213, 0.9473
-0.9914, -0.8656, -0.4506, 1.9409, -0.7162, -1.4230, 0.9486
-0.9926, -0.8643, -0.4502, 1.9395, -0.7176, -1.4247, 0.9500
-0.9939, -0.8631, -0.4499, 1.9381, -0.7189, -1.4264, 0.9513
-0.9951, -0.8618, -0.4495, 1.9367, -0.7202, -1.4280, 0.9526
-0.9963, -0.8605, -0.4491, 1.9353, -0.7215, -1.4296, 0.9539
-0.9975, -0.8593, -0.4487, 1.9340, -0.7227, -1.4312, 0.9552
-0.9987, -0.8581, -0.4484, 1.9326, -0.7240, -1.4328, 0.9565
-0.9999, -0.8568, -0.4480, 1.9313, -0.7252, -1.4343, 0.9578
-1.0010, -0.8556, -0.4477, 1.9300, -0.7264, -1.4359, 0.9590
-1.0022, -0.8544, -0.4473, 1.9287, -0.7276, -1.4374, 0.9602
-1.0033, -0.8533, -0.4469, 1.9273, -0.7288, -1.4389, 0.9614
-1.0044, -0.8521, -0.4466, 1.9260, -0.7300, -1.4404, 0.9627
-1.0055, -0.8509, -0.4462, 1.9247, -0.7312, -1.4419, 0.9638
-1.0066, -0.8497, -0.4459, 1.9235, -0.7323, -1.4433, 0.9650
-1.0077, -0.8486, -0.4456, 1.9222, -0.7334, -1.4448, 0.9662
-1.0088, -0.8475, -0.4452, 1.9209, -0.7345, -1.4462, 0.9673
-1.0098, -0.8463, -0.4449, 1.9197, -0.7356, -1.4476, 0.9685
-1.0109, -0.8452, -0.4445, 1.9184, -0.7367, -1.4490, 0.9696
-1.0119, -0.8441, -0.4442, 1.9172, -0.7378, -1.4504, 0.9707
-1.0129, -0.8430, -0.4439, 1.9159, -0.7388, -1.4517, 0.9718
-1.0139, -0.8419, -0.4436, 1.9147, -0.7399, -1.4531, 0.9729
-1.0149, -0.8409, -0.4432, 1.9135, -0.7409, -1.4544, 0.9740
-1.0159, -0.8398, -0.4429, 1.9123, -0.7419, -1.4557, 0.9751
-1.0169, -0.8387, -0.4426, 1.9111, -0.7429, -1.4570, 0.9761
-1.0179, -0.8377, -0.4423, 1.9099, -0.7439, -1.4583, 0.9772
-1.0188, -0.8366, -0.4420, 1.9087, -0.7449, -1.4596, 0.9782
-1.0198, -0.8356, -0.4417, 1.9076, -0.7459, -1.4608, 0.9792
-1.0207, -0.8346, -0.4414, 1.9064, -0.7468, -1.4621, 0.9802
-1.0216, -0.8336, -0.4411, 1.9053, -0.7478, -1.4633, 0.9812
-1.0225, -0.8326, -0.4408, 1.9041, -0.7487, -1.4645, 0.9822
-1.0234, -0.8316, -0.4405, 1.9030, -0.7496, -1.4657, 0.9832
-1.0243, -0.8306, -0.4402, 1.9019, -0.7505, -1.4669, 0.9842
-1.0252, -0.8296, -0.4399, 1.9007, -0.7514, -1.4681, 0.9851
-1.0261, -0.8287, -0.4396, 1.8996, -0.7523, -1.4692, 0.9861
-1.0269, -0.8277, -0.4393, 1.8985, -0.7532, -1.4704, 0.9870
-1.0278, -0.8268, -0.4390, 1.8974, -0.7541, -1.4715, 0.9879
-1.0286, -0.8258, -0.4387, 1.8964, -0.7549, -1.4726, 0.9888
-1.0295, -0.8249, -0.4385, 1.8953, -0.7558, -1.4737, 0.9897
-1.0303, -0.8240, -0.4382, 1.8942, -0.7566, -1.4748, 0.9906
-1.0311, -0.8231, -0.4379, 1.8932, -0.7574, -1.4759, 0.9915
-1.0319, -0.8222, -0.4376, 1.8921, -0.7582, -1.4770, 0.9924
-1.0327, -0.8213, -0.4374, 1.8911, -0.7590, -1.4781, 0.9933
-1.0335, -0.8204, -0.4371, 1.8900, -0.7598, -1.4791, 0.9941
-1.0343, -0.8195, -0.4368, 1.8890, -0.7606, -1.4801, 0.9950
-1.0351, -0.8186, -0.4366, 1.8880, -0.7614, -1.4812, 0.9958
-1.0358, -0.8178, -0.4363, 1.8870, -0.7621, -1.4822, 0.9967
-1.0366, -0.8169, -0.4361, 1.8860, -0.7629, -1.4832, 0.9975
-1.0373, -0.8161, -0.4358, 1.8850, -0.7636, -1.4842, 0.9983
-1.0381, -0.8152, -0.4356, 1.8840, -0.7644, -1.4852, 0.9991
-1.0388, -0.8144, -0.4353, 1.8830, -0.7651, -1.4861, 0.9999
-1.0395, -0.8136, -0.4351, 1.8821, -0.7658, -1.4871, 1.0007
-1.0403, -0.8127, -0.4348, 1.8811, -0.7665, -1.4880, 1.0015
-1.0410, -0.8119, -0.4346, 1.8802, -0.7672, -1.4890, 1.0023
-1.0417, -0.8111, -0.4343, 1.8792, -0.7679, -1.4899, 1.0030
-1.0424, -0.8103, -0.4341, 1.8783, -0.7686, -1.4908, 1.0038
-1.0430, -0.8096, -0.4338, 1.8774, -0.7693, -1.4917, 1.0045
-1.0437, -0.8088, -0.4336, 1.8764, -0.7700, -1.4926, 1.0053
-1.0444, -0.8080, -0.4334, 1.8755, -0.7706, -1.4935, 1.0060
-1.0451, -0.8072, -0.4331, 1.8746, -0.7713, -1.4944, 1.0067
-1.0457, -0.8065, -0.4329, 1.8737, -0.7719, -1.4953, 1.0074
-1.0464, -0.8057, -0.4327, 1.8728, -0.7726, -1.4961, 1.0082
-1.0470, -0.8050, -0.4325, 1.8719, -0.7732, -1.4970, 1.0089
-1.0476, -0.8043, -0.4322, 1.8711, -0.7738, -1.4978, 1.0096
-1.0483, -0.8035, -0.4320, 1.8702, -0.7744, -1.4986, 1.0102
-1.0489, -0.8028, -0.4318, 1.8693, -0.7751, -1.4995, 1.0109
-1.0495, -0.8021, -0.4316, 1.8685, -0.7757, -1.5003, 1.0116
-1.0501, -0.8014, -0.4314, 1.8676, -0.7763, -1.5011, 1.0123
-1.0507, -0.8007, -0.4312, 1.8668, -0.7768, -1.5019, 1.0129
-1.0513, -0.8000, -0.4310, 1.8660, -0.7774, -1.5027, 1.0136
-1.0519, -0.7993, -0.4308, 1.8651, -0.7780, -1.5034, 1.0142
-1.0525, -0.7986, -0.4305, 1.8643, -0.7786, -1.5042, 1.0149
-1.0530, -0.7979, -0.4303, 1.8635, -0.7791, -1.5050, 1.0155
-1.0536, -0.7973, -0.4301, 1.8627, -0.7797, -1.5057, 1.0161
-1.0542, -0.7966, -0.4299, 1.8619, -0.7802, -1.5065, 1.0168
-1.0547, -0.7960, -0.4297, 1.8611, -0.7808, -1.5072, 1.0174
-1.0553, -0.7953, -0.4295, 1.8603, -0.7813, -1.5079, 1.0180
-1.0558, -0.7947, -0.4293, 1.8596, -0.7818, -1.5087, 1.0186
-1.0564, -0.7940, -0.4292, 1.8588, -0.7824, -1.5094, 1.0192
-1.0569, -0.7934, -0.4290, 1.8580, -0.7829, -1.5101, 1.0198
-1.0574, -0.7928, -0.4288, 1.8573, -0.7834, -1.5108, 1.0204
-1.0580, -0.7921, -0.4286, 1.8565, -0.7839, -1.5115, 1.0209
-1.1214, -0.7346, -0.3912, 1.7784, -0.8392, -1.5683, 1.0700
-1.1177, -0.7360, -0.3909, 1.7765, -0.8347, -1.5606, 1.0682
-1.1140, -0.7374, -0.3906, 1.7746, -0.8302, -1.5530, 1.0664
-1.1103, -0.7388, -0.3904, 1.7726, -0.8258, -1.5455, 1.0646
-1.1067, -0.7401, -0.3901, 1.7707, -0.8215, -1.5380, 1.0628
-1.1031, -0.7413, -0.3898, 1.7686, -0.8171, -1.5305, 1.0610
-1.0996, -0.7425, -0.3896, 1.7666, -0.8129, -1.5231, 1.0591
-1.0961, -0.7436, -0.3893, 1.7645, -0.8086, -1.5158, 1.0573
-1.0926, -0.7447, -0.3891, 1.7624, -0.8045, -1.5085, 1.0555
-1.0892, -0.7458, -0.3888, 1.7602, -0.8003, -1.5013, 1.0536
-1.0858, -0.7467, -0.3886, 1.7580, -0.7962, -1.4942, 1.0518
-1.0825, -0.7477, -0.3884, 1.7558, -0.7922, -1.4871, 1.0499
-1.0793, -0.7484, -0.3882, 1.7530, -0.7880, -1.4797, 1.0481
-1.0764, -0.7489, -0.3882, 1.7499, -0.7836, -1.4720, 1.0463
-1.0735, -0.7493, -0.3882, 1.7468, -0.7794, -1.4645, 1.0445
-1.0707, -0.7497, -0.3883, 1.7437, -0.7751, -1.4570, 1.0427
-1.0679, -0.7501, -0.3883, 1.7405, -0.7709, -1.4496, 1.0409
-1.0652, -0.7504, -0.3883, 1.7373, -0.7668, -1.4423, 1.0391
-1.0625, -0.7507, -0.3883, 1.7341, -0.7627, -1.4350, 1.0373
-1.0598, -0.7510, -0.3883, 1.7309, -0.7587, -1.4277, 1.0354
-1.0572, -0.7512, -0.3884, 1.7277, -0.7547, -1.4206, 1.0336
-1.0545, -0.7513, -0.3884, 1.7244, -0.7507, -1.4135, 1.0318
-1.0520, -0.7515, -0.3885, 1.7212, -0.7468, -1.4064, 1.0300
-1.0494, -0.7516, -0.3885, 1.7179, -0.7429, -1.3994, 1.0282
-1.0469, -0.7516, -0.3885, 1.7146, -0.7391, -1.3925, 1.0263
-1.0445, -0.7516, -0.3886, 1.7113, -0.7353, -1.3857, 1.0245
-1.0420, -0.7516, -0.3886, 1.7080, -0.7315, -1.3789, 1.0227
-1.0412, -0.7523, -0.3895, 1.7075, -0.7300, -1.3761, 1.0209
-1.0409, -0.7533, -0.3907, 1.7081, -0.7293, -1.3746, 1.0191
-1.0406, -0.7542, -0.3918, 1.7087, -0.7286, -1.3732, 1.0174
-1.0404, -0.7551, -0.3929, 1.7092, -0.7279, -1.3718, 1.0157
-1.0401, -0.7561, -0.3940, 1.7098, -0.7272, -1.3705, 1.0139
-1.0398, -0.7570, -0.3951, 1.7103, -0.7265, -1.3691, 1.0122
-1.0395, -0.7578, -0.3962, 1.7108, -0.7257, -1.3676, 1.0105
-1.0393, -0.7586, -0.3973, 1.7109, -0.7246, -1.3656, 1.0088
-1.0389, -0.7593, -0.3984, 1.7106, -0.7232, -1.3631, 1.0072
-1.0385, -0.7598, -0.3994, 1.7099, -0.7213, -1.3600, 1.0055
-1.0378, -0.7602, -0.4003, 1.7084, -0.7189, -1.3559, 1.0039
-1.0367, -0.7603, -0.4010, 1.7063, -0.7160, -1.3509, 1.0022
-1.0351, -0.7602, -0.4014, 1.7034, -0.7126, -1.3450, 1.0005
-1.0330, -0.7600, -0.4015, 1.7001, -0.7090, -1.3386, 0.9987
-1.0307, -0.7597, -0.4014, 1.6966, -0.7055, -1.3323, 0.9970
-1.0284, -0.7594, -0.4014, 1.6932, -0.7020, -1.3260, 0.9953
-1.0262, -0.7591, -0.4013, 1.6898, -0.6985, -1.3197, 0.9935
-1.0240, -0.7587, -0.4013, 1.6863, -0.6951, -1.3135, 0.9918
-1.0218, -0.7583, -0.4012, 1.6829, -0.6917, -1.3074, 0.9901
-1.0197, -0.7579, -0.4012, 1.6794, -0.6883, -1.3013, 0.9883
-1.0175, -0.7575, -0.4011, 1.6760, -0.6850, -1.2953, 0.9866
-1.0155, -0.7570, -0.4011, 1.6725, -0.6817, -1.2893, 0.9849
-1.0134, -0.7565, -0.4011, 1.6690, -0.6784, -1.2834, 0.9832
-1.0114, -0.7560, -0.4010, 1.6656, -0.6752, -1.2775, 0.9815
-1.0094, -0.7555, -0.4010, 1.6621, -0.6720, -1.2717, 0.9798
-1.0074, -0.7550, -0.4010, 1.6587, -0.6688, -1.2659, 0.9781
-1.0055, -0.7544, -0.4010, 1.6552, -0.6657, -1.2602, 0.9764
-1.0036, -0.7538, -0.4010, 1.6517, -0.6626, -1.2546, 0.9747
-1.0017, -0.7532, -0.4010, 1.6483, -0.6595, -1.2490, 0.9730
-0.9998, -0.7526, -0.4010, 1.6448, -0.6565, -1.2434, 0.9714
-0.9980, -0.7520, -0.4010, 1.6414, -0.6534, -1.2379, 0.9697
-0.9962, -0.7513, -0.4010, 1.6379, -0.6505, -1.2325, 0.9680
-0.9944, -0.7507, -0.4010, 1.6345, -0.6475, -1.2271, 0.9664
-0.9927, -0.7500, -0.4010, 1.6310, -0.6446, -1.2217, 0.9647
-0.9910, -0.7493, -0.4010, 1.6276, -0.6417, -1.2164, 0.9631
-0.9893, -0.7486, -0.4010, 1.6242, -0.6389, -1.2111, 0.9614
-0.9876, -0.7479, -0.4010, 1.6207, -0.6360, -1.2059, 0.9598
-0.9859, -0.7472, -0.4011, 1.6173, -0.6332, -1.2008, 0.9582
-0.9843, -0.7464, -0.4011, 1.6139, -0.6304, -1.1957, 0.9565
-0.9827, -0.7456, -0.4011, 1.6105, -0.6277, -1.1906, 0.9549
-0.9811, -0.7449, -0.4011, 1.6071, -0.6250, -1.1856, 0.9533
-0.9796, -0.7441, -0.4012, 1.6037, -0.6223, -1.1806, 0.9517
-0.9780, -0.7433, -0.4012, 1.6003, -0.6196, -1.1757, 0.9501
-0.9765, -0.7425, -0.4013, 1.5969, -0.6170, -1.1708, 0.9486
-0.9750, -0.7417, -0.4013, 1.5936, -0.6143, -1.1660, 0.9470
-0.9736, -0.7409, -0.4013, 1.5902, -0.6117, -1.1612, 0.9454
-0.9721, -0.7400, -0.4014, 1.5868, -0.6092, -1.1564, 0.9439
-0.9707, -0.7392, -0.4014, 1.5835, -0.6066, -1.1517, 0.9423
-0.9693, -0.7383, -0.4015, 1.5802, -0.6041, -1.1470, 0.9408
-0.9679, -0.7375, -0.4015, 1.5768, -0.6016, -1.1424, 0.9392
-0.9666, -0.7366, -0.4016, 1.5735, -0.5992, -1.1379, 0.9377
-0.9652, -0.7357, -0.4016, 1.5702, -0.5967, -1.1333, 0.9362
-0.9639, -0.7349, -0.4017, 1.5669, -0.5943, -1.1288, 0.9346
-0.9626, -0.7340, -0.4018, 1.5636, -0.5919, -1.1244, 0.9331
-0.9613, -0.7331, -0.4018, 1.5604, -0.5895, -1.1200, 0.9316
-0.9600, -0.7322, -0.4019, 1.5571, -0.5872, -1.1156, 0.9301
-0.9588, -0.7313, -0.4020, 1.5539, -0.5848, -1.1113, 0.9287
-0.9576, -0.7304, -0.4020, 1.5506, -0.5825, -1.1070, 0.9272
-0.9564, -0.7295, -0.4021, 1.5474, -0.5802, -1.1027, 0.9257
-0.9552, -0.7285, -0.4022, 1.5442, -0.5780, -1.0985, 0.9243
-0.9540, -0.7276, -0.4022, 1.5410, -0.5757, -1.0943, 0.9228
-0.9528, -0.7267, -0.4023, 1.5378, -0.5735, -1.0902, 0.9214
-0.9517, -0.7258, -0.4024, 1.5346, -0.5713, -1.0861, 0.9199
-0.9506, -0.7248, -0.4025, 1.5315, -0.5691, -1.0821, 0.9185
-0.9495, -0.7239, -0.4026, 1.5283, -0.5669, -1.0780, 0.9171
-0.9484, -0.7229, -0.4026, 1.5252, -0.5648, -1.0741, 0.9157
-0.9473, -0.7220, -0.4027, 1.5220, -0.5627, -1.0701, 0.9143
-0.9462, -0.7210, -0.4028, 1.5189, -0.5606, -1.0662, 0.9129
-0.9452, -0.7201, -0.4029, 1.5158, -0.5585, -1.0623, 0.9115
-0.9442, -0.7191, -0.4030, 1.5128, -0.5564, -1.0585, 0.9101
-0.9431, -0.7182, -0.4031, 1.5097, -0.5544, -1.0547, 0.9087
-0.9421, -0.7172, -0.4032, 1.5066, -0.5524, -1.0509, 0.9074
-0.9412, -0.7163, -0.4033, 1.5036, -0.5503, -1.0472, 0.9060
-0.9402, -0.7153, -0.4034, 1.5006, -0.5484, -1.0435, 0.9047
-0.9392, -0.7143, -0.4034, 1.4975, -0.5464, -1.0398, 0.9034
-0.9383, -0.7134, -0.4035, 1.4946, -0.5444, -1.0362, 0.9020
-0.9374, -0.7124, -0.4036, 1.4916, -0.5425, -1.0326, 0.9007
-0.9364, -0.7115, -0.4037, 1.4886, -0.5406, -1.0290, 0.8994
-0.9355, -0.7105, -0.4038, 1.4856, -0.5387, -1.0255, 0.8981
-0.9347, -0.7095, -0.4039, 1.4827, -0.5368, -1.0220, 0.8968
-0.9338, -0.7086, -0.4040, 1.4798, -0.5349, -1.0185, 0.8955
-0.9329, -0.7076, -0.4041, 1.4769, -0.5331, -1.0151, 0.8942
-0.9321, -0.7066, -0.4042, 1.4740, -0.5313, -1.0117, 0.8930
-0.9312, -0.7057, -0.4043, 1.4711, -0.5295, -1.0083, 0.8917
-0.9304, -0.7047, -0.4044, 1.4682, -0.5277, -1.0050, 0.8905
-0.9296, -0.7037, -0.4045, 1.4654, -0.5259, -1.0017, 0.8892
-0.9288, -0.7028, -0.4046, 1.4626, -0.5241, -0.9984, 0.8880
-0.9280, -0.7018, -0.4047, 1.4597, -0.5224, -0.9952, 0.8868
-0.9272, -0.7009, -0.4049, 1.4569, -0.5206, -0.9919, 0.8855
-0.9265, -0.6999, -0.4050, 1.4541, -0.5189, -0.9887, 0.8843
-0.9257, -0.6990, -0.4051, 1.4514, -0.5172, -0.9856, 0.8831
-0.9250, -0.6980, -0.4052, 1.4486, -0.5155, -0.9825, 0.8819
-0.9242, -0.6970, -0.4053, 1.4459, -0.5139, -0.9794, 0.8807
-0.9235, -0.6961, -0.4054, 1.4432, -0.5122, -0.9763, 0.8796
-0.9228, -0.6951, -0.4055, 1.4404, -0.5106, -0.9732, 0.8784
-0.9221, -0.6942, -0.4056, 1.4377, -0.5089, -0.9702, 0.8772
-0.9214, -0.6932, -0.4057, 1.4351, -0.5073, -0.9672, 0.8761
-0.9207, -0.6923, -0.4058, 1.4324, -0.5057, -0.9643, 0.8749
-0.9201, -0.6914, -0.4059, 1.4298, -0.5042, -0.9613, 0.8738
-0.9194, -0.6904, -0.4061, 1.4271, -0.5026, -0.9584, 0.8727
-0.9188, -0.6895, -0.4062, 1.4245, -0.5010, -0.9556, 0.8715
-0.9181, -0.6886, -0.4063, 1.4219, -0.4995, -0.9527, 0.8704
-0.9175, -0.6876, -0.4064, 1.4193, -0.4980, -0.9499, 0.8693
-0.9169, -0.6867, -0.4065, 1.4168, -0.4965, -0.9471, 0.8682
-0.9162, -0.6858, -0.4066, 1.4142, -0.4950, -0.9443, 0.8671
-0.9156, -0.6848, -0.4067, 1.4117, -0.4935, -0.9416, 0.8661
-0.9150, -0.6839, -0.4068, 1.4091, -0.4920, -0.9388, 0.8650
-0.9145, -0.6830, -0.4070, 1.4066, -0.4906, -0.9361, 0.8639
-0.9139, -0.6821, -0.4071, 1.4042, -0.4891, -0.9335, 0.8629
-0.9133, -0.6812, -0.4072, 1.4017, -0.4877, -0.9308, 0.8618
-0.9127, -0.6803, -0.4073, 1.3992, -0.4863, -0.9282, 0.8608
-0.9122, -0.6794, -0.4074, 1.3968, -0.4848, -0.9256, 0.8597
-0.9116, -0.6785, -0.4075, 1.3943, -0.4835, -0.9230, 0.8587
-0.9111, -0.6776, -0.4076, 1.3919, -0.4821, -0.9204, 0.8577
-0.9106, -0.6767, -0.4077, 1.3895, -0.4807, -0.9179, 0.8567
-0.9101, -0.6758, -0.4079, 1.3872, -0.4793, -0.9154, 0.8557
-0.9095, -0.6749, -0.4080, 1.3848, -0.4780, -0.9129, 0.8547
-0.9090, -0.6740, -0.4081, 1.3824, -0.4767, -0.9105, 0.8537
-0.9085, -0.6732, -0.4082, 1.3801, -0.4753, -0.9080, 0.8527
-0.9080, -0.6723, -0.4083, 1.3778, -0.4740, -0.9056, 0.8517
-0.9076, -0.6714, -0.4084, 1.3755, -0.4727, -0.9032, 0.8507
-0.9071, -0.6705, -0.4085, 1.3732, -0.4715, -0.9009, 0.8498
-0.9066, -0.6697, -0.4087, 1.3709, -0.4702, -0.8985, 0.8488
-0.9061, -0.6688, -0.4088, 1.3687, -0.4689, -0.8962, 0.8479
-0.9057, -0.6680, -0.4089, 1.3664, -0.4677, -0.8939, 0.8469
-0.9052, -0.6671, -0.4090, 1.3642, -0.4664, -0.8916, 0.8460
-0.9048, -0.6663, -0.4091, 1.3620, -0.4652, -0.8893, 0.8451
-0.9043, -0.6654, -0.4092, 1.3598, -0.4640, -0.8871, 0.8442
-0.9039, -0.6646, -0.4093, 1.3576, -0.4628, -0.8849, 0.8433
-0.9035, -0.6638, -0.4094, 1.3554, -0.4616, -0.8827, 0.8424
-0.9031, -0.6629, -0.4096, 1.3533, -0.4604, -0.8805, 0.8415
-0.9026, -0.6621, -0.4097, 1.3512, -0.4592, -0.8783, 0.8406
-0.9022, -0.6613, -0.4098, 1.3490, -0.4581, -0.8762, 0.8397
-0.9018, -0.6605, -0.4099, 1.3469, -0.4569, -0.8741, 0.8388
-0.9014, -0.6596, -0.4100, 1.3448, -0.4558, -0.8720, 0.8379
-0.9011, -0.6588, -0.4101, 1.3428, -0.4546, -0.8699, 0.8371
-0.9007, -0.6580, -0.4102, 1.3407, -0.4535, -0.8678, 0.8362
-0.9003, -0.6572, -0.4103, 1.3386, -0.4524, -0.8658, 0.8354
-0.8999, -0.6564, -0.4105, 1.3366, -0.4513, -0.8638, 0.8345
-0.8995, -0.6556, -0.4106, 1.3346, -0.4502, -0.8618, 0.8337
-0.8992, -0.6549, -0.4107, 1.3326, -0.4491, -0.8598, 0.8329
-0.8988, -0.6541, -0.4108, 1.3306, -0.4480, -0.8578, 0.8320
-0.8985, -0.6533, -0.4109, 1.3286, -0.4470, -0.8558, 0.8312
-0.8981, -0.6525, -0.4110, 1.3267, -0.4459, -0.8539, 0.8304
-0.8978, -0.6518, -0.4111, 1.3247, -0.4449, -0.8520, 0.8296
-0.8974, -0.6510, -0.4112, 1.3228, -0.4438, -0.8501, 0.8288
-0.8971, -0.6502, -0.4113, 1.3209, -0.4428, -0.8482, 0.8280
-0.8968, -0.6495, -0.4114, 1.3190, -0.4418, -0.8464, 0.8273
-0.8965, -0.6487, -0.4115, 1.3171, -0.4408, -0.8445, 0.8265
-0.8961, -0.6480, -0.4116, 1.3152, -0.4398, -0.8427, 0.8257
-0.8958, -0.6472, -0.4118, 1.3133, -0.4388, -0.8409, 0.8249
-0.8955, -0.6465, -0.4119, 1.3115, -0.4378, -0.8391, 0.8242
-0.8952, -0.6458, -0.4120, 1.3097, -0.4368, -0.8373, 0.8234
-0.8949, -0.6450, -0.4121, 1.3078, -0.4359, -0.8356, 0.8227
-0.8946, -0.6443, -0.4122, 1.3060, -0.4349, -0.8338, 0.8219
-0.8943, -0.6436, -0.4123, 1.3042, -0.4340, -0.8321, 0.8212
-0.8940, -0.6429, -0.4124, 1.3025, -0.4330, -0.8304, 0.8205
-0.8937, -0.6422, -0.4125, 1.3007, -0.4321, -0.8287, 0.8198
-0.8935, -0.6415, -0.4126, 1.2989, -0.4312, -0.8270, 0.8190
-0.8932, -0.6408, -0.4127, 1.2972, -0.4302, -0.8253, 0.8183
-0.8929, -0.6401, -0.4128, 1.2955, -0.4293, -0.8237, 0.8176
-0.8926, -0.6394, -0.4129, 1.2938, -0.4284, -0.8221, 0.8169
-0.8924, -0.6387, -0.4130, 1.2921, -0.4276, -0.8204, 0.8162
-0.8921, -0.6380, -0.4131, 1.2904, -0.4267, -0.8188, 0.8155
-0.8918, -0.6373, -0.4132, 1.2887, -0.4258, -0.8172, 0.8149
-0.8916, -0.6367, -0.4133, 1.2870, -0.4249, -0.8157, 0.8142
-0.8913, -0.6360, -0.4134, 1.2854, -0.4241, -0.8141, 0.8135
-0.8911, -0.6353, -0.4135, 1.2838, -0.4232, -0.8126, 0.8128
-0.8909, -0.6347, -0.4136, 1.2821, -0.4224, -0.8110, 0.8122
-0.8906, -0.6340, -0.4137, 1.2805, -0.4215, -0.8095, 0.8115
-0.8904, -0.6334, -0.4138, 1.2789, -0.4207, -0.8080, 0.8109
-0.8901, -0.6327, -0.4139, 1.2773, -0.4199, -0.8065, 0.8102
-0.8899, -0.6321, -0.4140, 1.2758, -0.4191, -0.8051, 0.8096
-0.8897, -0.6314, -0.4141, 1.2742, -0.4183, -0.8036, 0.8090
-0.8895, -0.6308, -0.4142, 1.2727, -0.4175, -0.8022, 0.8083
-0.8892, -0.6302, -0.4143, 1.2711, -0.4167, -0.8007, 0.8077
-0.8890, -0.6296, -0.4144, 1.2696, -0.4159, -0.7993, 0.8071
-0.8888, -0.6289, -0.4145, 1.2681, -0.4151, -0.7979, 0.8065
-0.8886, -0.6283, -0.4146, 1.2666, -0.4144, -0.7965, 0.8059
-0.8884, -0.6277, -0.4147, 1.2651, -0.4136, -0.7951, 0.8053
-0.8882, -0.6271, -0.4147, 1.2636, -0.4128, -0.7938, 0.8047
-0.8880, -0.6265, -0.4148, 1.2622, -0.4121, -0.7924, 0.8041
-0.8878, -0.6259, -0.4149, 1.2607, -0.4114, -0.7911, 0.8035
-0.8876, -0.6253, -0.4150, 1.2593, -0.4106, -0.7898, 0.8029
-0.8874, -0.6247, -0.4151, 1.2579, -0.4099, -0.7884, 0.8024
-0.8872, -0.6241, -0.4152, 1.2564, -0.4092, -0.7871, 0.8018
-0.8870, -0.6236, -0.4153, 1.2550, -0.4085, -0.7858, 0.8012
-0.8868, -0.6230, -0.4154, 1.2536, -0.4077, -0.7846, 0.8007
-0.8866, -0.6224, -0.4155, 1.2523, -0.4070, -0.7833, 0.8001
-0.8864, -0.6218, -0.4156, 1.2509, -0.4063, -0.7820, 0.7996
-0.8863, -0.6213, -0.4156, 1.2495, -0.4057, -0.7808, 0.7990
-0.8861, -0.6207, -0.4157, 1.2482, -0.4050, -0.7796, 0.7985
-0.8859, -0.6202, -0.4158, 1.2468, -0.4043, -0.7783, 0.7979
-0.8857, -0.6196, -0.4159, 1.2455, -0.4036, -0.7771, 0.7974
-0.8856, -0.6191, -0.4160, 1.2442, -0.4030, -0.7759, 0.7969
-0.8854, -0.6185, -0.4161, 1.2429, -0.4023, -0.7748, 0.7963
-0.8852, -0.6180, -0.4162, 1.2416, -0.4016, -0.7736, 0.7958
-0.8851, -0.6174, -0.4162, 1.2403, -0.4010, -0.7724, 0.7953
-0.8849, -0.6169, -0.4163, 1.2391, -0.4004, -0.7713, 0.7948
-0.8848, -0.6164, -0.4164, 1.2378, -0.3997, -0.7701, 0.7943
-0.8846, -0.6159, -0.4165, 1.2365, -0.3991, -0.7690, 0.7938
-0.8844, -0.6153, -0.4166, 1.2353, -0.3985, -0.7679, 0.7933
-0.8843, -0.6148, -0.4167, 1.2341, -0.3978, -0.7668, 0.7928
-0.8841, -0.6143, -0.4167, 1.2329, -0.3972, -0.7657, 0.7923
-0.8840, -0.6138, -0.4168, 1.2316, -0.3966, -0.7646, 0.7918
-0.8839, -0.6133, -0.4169, 1.2304, -0.3960, -0.7635, 0.7914
-0.8837, -0.6128, -0.4170, 1.2293, -0.3954, -0.7624, 0.7909
-0.8836, -0.6123, -0.4171, 1.2281, -0.3948, -0.7614, 0.7904
-0.8834, -0.6118, -0.4171, 1.2269, -0.3943, -0.7603, 0.7899
-0.8833, -0.6113, -0.4172, 1.2257, -0.3937, -0.7593, 0.7895
-0.8832, -0.6109, -0.4173, 1.2246, -0.3931, -0.7583, 0.7890
-0.8830, -0.6104, -0.4174, 1.2235, -0.3925, -0.7572, 0.7886
-0.8829, -0.6099, -0.4174, 1.2223, -0.3920, -0.7562, 0.7881
-0.8828, -0.6094, -0.4175, 1.2212, -0.3914, -0.7552, 0.7877
-0.8826, -0.6090, -0.4176, 1.2201, -0.3909, -0.7542, 0.7872
-0.8825, -0.6085, -0.4177, 1.2190, -0.3903, -0.7533, 0.7868
-0.8824, -0.6080, -0.4177, 1.2179, -0.3898, -0.7523, 0.7863
-0.8822, -0.6076, -0.4178, 1.2168, -0.3892, -0.7513, 0.7859
-0.8821, -0.6071, -0.4179, 1.2157, -0.3887, -0.7504, 0.7855
-0.8820, -0.6067, -0.4180, 1.2147, -0.3882, -0.7494, 0.7851
-0.8819, -0.6062, -0.4180, 1.2136, -0.3876, -0.7485, 0.7846
-0.8818, -0.6058, -0.4181, 1.2126, -0.3871, -0.7476, 0.7842
-0.8817, -0.6054, -0.4182, 1.2115, -0.3866, -0.7467, 0.7838
-0.8815, -0.6049, -0.4182, 1.2105, -0.3861, -0.7457, 0.7834
-0.8814, -0.6045, -0.4183, 1.2095, -0.3856, -0.7448, 0.7830
-0.8813, -0.6041, -0.4184, 1.2085, -0.3851, -0.7440, 0.7826
-0.8812, -0.6036, -0.4185, 1.2075, -0.3846, -0.7431, 0.7822
-0.8811, -0.6032, -0.4185, 1.2065, -0.3841, -0.7422, 0.7818
-0.8810, -0.6028, -0.4186, 1.2055, -0.3836, -0.7413, 0.7814
-0.8809, -0.6024, -0.4187, 1.2045, -0.3831, -0.7405, 0.7810
-0.8808, -0.6020, -0.4187, 1.2036, -0.3827, -0.7396, 0.7806
-0.8807, -0.6016, -0.4188, 1.2026, -0.3822, -0.7388, 0.7803
-0.8806, -0.6012, -0.4189, 1.2017, -0.3817, -0.7379, 0.7799
-0.8805, -0.6008, -0.4189, 1.2007, -0.3813, -0.7371, 0.7795
-0.8804, -0.6004, -0.4190, 1.1998, -0.3808, -0.7363, 0.7791
-0.8803, -0.6000, -0.4190, 1.1989, -0.3803, -0.7355, 0.7788
-0.8802, -0.5996, -0.4191, 1.1979, -0.3799, -0.7347, 0.7784
-0.8801, -0.5992, -0.4192, 1.1970, -0.3794, -0.7339, 0.7781
-0.8800, -0.5988, -0.4192, 1.1961, -0.3790, -0.7331, 0.7777
-0.8799, -0.5984, -0.4193, 1.1952, -0.3786, -0.7323, 0.7773
